[
  [
    [
      -0.5257253787282123,
      -0.5609107138629137,
      0.6816296993990385,
      -0.6879539297625985,
      0.6500670935475168,
      0.7332858655674812,
      -0.5974987660340736,
      0.06541839836373775,
      -0.6793705751033172,
      0.439390921842739,
      0.9997017866201594,
      0.7056885511266724,
      0.30654224980797884,
      0.4357007699838864,
      -0.1516222036594379,
      -0.1777420049520162,
      0.3160294347546422,
      0.9235114705501748,
      0.5195161059472109,
      0.08705055643150561
    ],
    [
      0.8951225400919482,
      0.9289010710335557,
      -0.06153623734716751,
      -0.9123208201167112,
      -0.03616547278733995,
      0.31736453169973444,
      -0.5747559997240401,
      -0.6398505902162297,
      -0.45699578495195037,
      -0.6355830684313613,
      -0.18521835494318606,
      -0.276474550822718,
      -0.7622660057683657,
      -0.6713742833350751,
      -0.26497628373014614,
      0.41683986277081964,
      -0.36879653575001403,
      0.3962492442314183,
      -0.109567615805094,
      0.8780476164179114
    ],
    [
      -0.8154895986245319,
      -0.6393990001449454,
      0.8648349424641459,
      -0.9760317116905888,
      0.7831897677907014,
      0.08500163336653754,
      0.7824529213904459,
      0.8253272204053415,
      0.7177000488341951,
      0.3372028107500378,
      -0.3844030554014384,
      0.8342854238806254,
      0.027980822658663973,
      -0.9425694233269997,
      0.5784252660012366,
      -0.9520108623615076,
      0.545565765812787,
      -0.923504214767632,
      -0.3017389446534928,
      0.45671777097915256
    ],
    [
      -0.66887179922222,
      0.07519262982010466,
      0.8626916687095945,
      0.007266148962856489,
      0.8035215426777076,
      0.9211403633691915,
      0.4013663075573868,
      0.24709080856134324,
      0.044814320527619245,
      -0.006352668317724408,
      -0.289617408660221,
      -0.14466069939377424,
      -0.029813137811837587,
      -0.3181708273845629,
      0.2981289283229611,
      -0.5400383903008732,
      -0.6924596033124617,
      -0.4688670918930318,
      -0.412739555182547,
      0.8902295496869554
    ],
    [
      0.7329780548615401,
      -0.14442301277570802,
      0.1721353315171401,
      -0.6834502266361207,
      0.5404989398258626,
      -0.9745219240567626,
      0.7766487099811143,
      0.45121290825709637,
      0.2739351932997054,
      0.48944519782792195,
      -0.537423836134977,
      0.3607093912574477,
      -0.14537866052341242,
      -0.9076480374009006,
      0.6952187567778012,
      0.6380390580852993,
      -0.013304267232726597,
      0.5616117162470704,
      0.6857490340814016,
      0.050123267915337166
    ],
    [
      -0.38756768078709913,
      0.764558291144958,
      0.8550530198943109,
      0.547417624386447,
      0.05649857573714634,
      0.052234929667091645,
      0.02091790056217735,
      -0.8652271426507925,
      -0.3255531011942798,
      0.42987381368754907,
      0.6495309979418185,
      -0.18788775327174245,
      -0.10509731944940515,
      -0.7769944345886297,
      -0.9786012824344199,
      -0.5119484325007848,
      0.5306774285929745,
      0.3067851132636841,
      0.843488145351593,
      -0.7254843363430561
    ],
    [
      -0.04121295137233516,
      0.015934729425509886,
      0.3277619195152037,
      -0.4458869217918737,
      0.4659641931375933,
      -0.9464788477039081,
      -0.045078344838469064,
      0.5863513270612009,
      -0.7971729811138395,
      0.9642196364249771,
      0.8060254363654644,
      -0.9015116172477595,
      0.10515306858675588,
      -0.1880004728290361,
      0.28025783428978523,
      -0.8376121852396194,
      -0.09088071568547051,
      -0.45141266705428396,
      0.4027554645415812,
      -0.25486424301394206
    ],
    [
      -0.23489141239562095,
      0.5912685479265998,
      0.2683379846016387,
      0.6891590698745158,
      0.7031465729304809,
      0.7955128254057355,
      -0.14033065243225984,
      -0.6696909247814224,
      0.25721975948010223,
      0.5506092939668266,
      0.24126925673576483,
      0.08307046739185053,
      -0.7786415013840091,
      -0.7257992948104051,
      -0.23953903913838182,
      -0.6987614089630634,
      0.951089208874738,
      -0.2676572340667862,
      0.062038815179706885,
      0.7741747274103885
    ],
    [
      0.6379507059833254,
      0.7205435696479008,
      0.40025530535542186,
      -0.1431363996095416,
      0.2694397508170643,
      0.753126047472712,
      -0.050688829378200184,
      -0.424458350262787,
      -0.8181791739663251,
      0.2730966283551468,
      0.16752647172608048,
      0.8099012054906229,
      0.29623608909119126,
      0.1951337872226928,
      -0.7228604724973193,
      0.067145015266038,
      -0.7517145535509349,
      -0.4391728906569634,
      -0.7808135443149695,
      -0.212858669209129
    ],
    [
      -0.1436341446006233,
      -0.05274706356308001,
      -0.0804339936628764,
      0.572539488515794,
      0.4715936315463942,
      0.9525340905883632,
      -0.12227064447725033,
      -0.7450122497801686,
      -0.014132162588993191,
      -0.2320521710786383,
      -0.5140644917745716,
      0.06299888426588618,
      0.9289196811021807,
      0.7209209693664715,
      -0.9873975055762723,
      -0.40934930077671194,
      -0.8281666725810402,
      0.7852281722307133,
      0.3725885132250091,
      -0.5344466287579706
    ],
    [
      0.7467632697456592,
      0.5390217307984759,
      -0.12089282171229687,
      -0.33933289800109034,
      0.8006974228359496,
      0.2907609537364695,
      0.6967112144550971,
      0.7387572646895693,
      0.0862089176517411,
      0.8192494426485033,
      0.48151768686294716,
      -0.613453944242077,
      -0.07621823018501583,
      -0.7191186862076908,
      -0.23937198357077105,
      0.47795043511930113,
      -0.8923812078639992,
      -0.47283573598028794,
      -0.7366058520710643,
      -0.48609094575102696
    ],
    [
      0.13165534147383484,
      -0.44762310135481953,
      0.9640186150747974,
      -0.5163964031634525,
      0.455819062597818,
      0.9709221608248355,
      -0.17406270871797425,
      -0.5912009117056738,
      -0.122183559055135,
      -0.8494311452757528,
      0.20084130125156752,
      -0.40562408490356505,
      -0.6949084510238499,
      -0.5393733442618072,
      -0.757015754619834,
      -0.7634182690508582,
      0.6034766844310282,
      0.4844931624255473,
      0.6208511314444083,
      0.08775631041077125
    ],
    [
      0.5690590734338281,
      -0.7075018302165414,
      0.22753663142664693,
      0.6077786156365543,
      0.381327813299154,
      0.3648867610033284,
      -0.0858979791703951,
      0.14152232386099173,
      0.2624625012672066,
      -0.7960574613809714,
      -0.9762091218211093,
      0.6710660084775022,
      -0.2524550229152638,
      0.5716488820289438,
      0.25050077409169114,
      -0.3634733969308821,
      0.6634582599493584,
      -0.8372421375966519,
      0.6434827272865533,
      0.7082329067500721
    ],
    [
      -0.8713475394669516,
      -0.43579594412993505,
      -0.887061381841405,
      -0.881422673251667,
      0.2507149721867843,
      0.9501054043997494,
      -0.6374959315179438,
      0.9337778802179,
      -0.8131486346977292,
      0.2351874482434273,
      -0.6968612575967943,
      -0.44638275390486726,
      -0.1158513974527331,
      0.7796836169908199,
      -0.8123261965991326,
      0.22299433514634992,
      -0.8425063503376529,
      -0.5529805692596337,
      0.4238683354982422,
      -0.41910733847606885
    ],
    [
      0.8797809898439983,
      0.21936176185099598,
      0.05089761817846261,
      0.7104507667277891,
      0.5473095659960743,
      -0.6651345825543216,
      -0.3687230364565921,
      -0.446752565429428,
      -0.9458365340330437,
      0.5773150732435093,
      -0.5723052392357106,
      0.16334875268778792,
      0.3570596203434022,
      0.43694587834373433,
      0.2799406752772893,
      0.24895427582289953,
      0.06128158811314366,
      0.29807704400603185,
      -0.7843423484004208,
      0.8935867081271156
    ],
    [
      -0.7007868726182713,
      -0.9945027785683158,
      0.7847311615425747,
      -0.4945881011237059,
      -0.9554036702663173,
      -0.3812631727159157,
      -0.8093584617377023,
      -0.5977890284292553,
      -0.33505812502968935,
      0.03593019628706928,
      -0.3216973817344535,
      -0.8237236364860692,
      -0.1981419727185374,
      0.48195789567626335,
      0.6536886732503822,
      -0.4623130978258998,
      -0.36080636848141046,
      0.397657823070088,
      0.5723374329280388,
      -0.4680623549765808
    ],
    [
      -0.1765736696958009,
      -0.7092480319223595,
      0.454938674983866,
      -0.24107261674113367,
      0.19864177463712185,
      0.6902588096170923,
      -0.9143381760643448,
      -0.03284342332331969,
      0.00205947739979373,
      0.6666366733738984,
      -0.11474108785359483,
      0.3990390024280237,
      -0.679582840286133,
      0.10742464569649113,
      0.03342911115448266,
      0.8977411259761574,
      -0.07549220284718006,
      -0.8273919768269402,
      0.44885013508824256,
      0.13010285578328484
    ],
    [
      0.24535086610123824,
      0.3815951850154089,
      0.5715860912250876,
      -0.694596069345677,
      0.7830219091296049,
      0.026286279115671274,
      0.4039986611735302,
      0.15806137713381418,
      -0.27057789069607296,
      -0.545615824916855,
      0.3585812928419736,
      0.8793507862560905,
      -0.6508852636570088,
      -0.06803623996516239,
      -0.6586693631104279,
      -0.518013352635458,
      0.9523913920985532,
      0.5280408862348172,
      0.3182293399722942,
      0.2735815354088398
    ],
    [
      -0.976484144318079,
      0.8143531764257883,
      -0.6229662370647191,
      0.6903994704863838,
      0.3841956701574474,
      -0.8296684471736215,
      0.9049363738017602,
      0.5831166305133455,
      0.12669104573567092,
      -0.7961083113146163,
      -0.5729779310122953,
      -0.5973293810649358,
      0.42515338884515197,
      0.6839720504437532,
      -0.42099480025417124,
      0.34364117698504515,
      -0.9980517251847969,
      -0.41482894019815886,
      0.6908102126575495,
      0.21646077084981585
    ],
    [
      0.5528387275407378,
      -0.012522750330199672,
      0.2996797870142984,
      -0.5370704902683634,
      -0.28424631384905985,
      -0.10455906241861701,
      -0.16769945158286892,
      -0.9556479073236581,
      0.27011016453703185,
      0.593987701785812,
      -0.5049093101343411,
      -0.20349156433937732,
      -0.49616735048017535,
      -0.4322574769513281,
      -0.3967884356342868,
      0.5201887667885763,
      -0.5843024000966617,
      0.6866019853448793,
      -0.6995862686108965,
      0.5298472597957129
    ],
    [
      -0.1393683445343119,
      -0.3839825538249564,
      0.6324906213610455,
      -0.02979936106778469,
      -0.8421138069129819,
      0.041517723375988025,
      -0.3434527284638387,
      -0.9657446369793814,
      -0.1537772342153363,
      0.1409396944629322,
      0.41570076979896164,
      -0.08903478014701793,
      -0.01163605259998124,
      0.0970157276925161,
      -0.2218111509163747,
      -0.21297170572550717,
      0.5596706437693593,
      0.23834529111275082,
      -0.6267678374388421,
      0.024279725999808432
    ],
    [
      0.1483892061523362,
      0.8031538430990681,
      -0.896413596285996,
      0.9271755316474128,
      -0.099560660163581,
      0.5546571605693325,
      0.7896190114277168,
      -0.9752395065213877,
      0.5043920875789507,
      0.8478926398398048,
      0.8715804610994118,
      0.44311582004498407,
      -0.7058489907409433,
      0.9391707850804853,
      -0.43204919957964494,
      -0.47674428654805623,
      -0.16382131053910354,
      -0.690607935290471,
      -0.44018537644978895,
      -0.4912520531138316
    ],
    [
      -0.05270623815473496,
      0.9240112880835745,
      0.5224978240767548,
      -0.7680885936302182,
      0.10152195887954685,
      0.05847768356133054,
      0.055937663414236116,
      -0.43579249624293737,
      -0.9199746766329571,
      0.5895586250881197,
      0.26340342980444587,
      0.5496771824196895,
      -0.9801947606393613,
      -0.6072575237360864,
      -0.7271817925742456,
      -0.8958456962959422,
      -0.6791544340522648,
      -0.5236539614613429,
      0.24360672210510614,
      -0.8765553843890226
    ],
    [
      0.9322214376900289,
      -0.49520539316570167,
      -0.7005858910613301,
      -0.791872670770364,
      -0.5301455633030712,
      0.16813851203425756,
      0.06851506233914972,
      0.7580398046026806,
      0.44388446406523774,
      0.5050604379805199,
      -0.2894363612154869,
      -0.7034074193322475,
      -0.9162999791991957,
      0.27578180997290147,
      -0.21116366244226037,
      -0.8949851367527162,
      0.7545929136488692,
      -0.29604239626451356,
      0.777988078772655,
      0.832134471968133
    ],
    [
      0.2258750775757219,
      0.7282930249781694,
      0.5691034248964855,
      0.420042563639226,
      -0.5574808112332812,
      -0.41129116229814966,
      -0.161421779445305,
      -0.8232781811785446,
      -0.4419774778851353,
      0.9189124224621228,
      -0.24002390159499565,
      -0.5238565418218641,
      -0.05408236507041786,
      -0.7080206088226499,
      0.7972804951773291,
      -0.07513484275451487,
      -0.8975015849635191,
      0.8054644605040182,
      -0.2609335043057279,
      -0.5550649756944348
    ],
    [
      -0.015360515628358273,
      -0.4263065937216557,
      -0.13080869571121534,
      0.16082819627844147,
      -0.02240531568569093,
      0.6928441155524003,
      -0.9130212869779837,
      -0.8199906901095546,
      0.7226003294900301,
      0.24796568365144012,
      -0.6942184506593834,
      -0.7564628858000526,
      -0.24438877302817885,
      0.08512627896965275,
      -0.7465408036379699,
      0.8663013357351763,
      0.42601354697432714,
      -0.41973237530989316,
      0.8069130263571205,
      -0.23670987039445057
    ],
    [
      -0.029346851826864695,
      0.5568482718087266,
      0.8515366779554572,
      0.6686454718052539,
      0.18320302773261,
      0.43563333190141185,
      0.7958056886168889,
      -0.7027352509188172,
      -0.9499934584665817,
      0.1311345886030395,
      -0.1693326555101866,
      0.05431743484399876,
      -0.64527627910613,
      0.7589794965394607,
      0.48898293808181004,
      -0.5000171230015549,
      -0.41465561596512557,
      -0.30592225359471104,
      0.6925936190981989,
      0.4589888752061033
    ],
    [
      -0.17289532909397565,
      -0.17988107195988623,
      -0.6611743644010795,
      -0.3512884394105993,
      -0.258689448819339,
      0.05768300075935229,
      0.7890745747547665,
      -0.5236644738668867,
      0.2423218645038132,
      -0.06341590012927356,
      -0.389925693559495,
      0.5686957309784966,
      0.9779913178109365,
      -0.594448833729472,
      0.06557961738734797,
      -0.5962275324234059,
      0.9419478266335974,
      0.04408908589272742,
      -0.980375609295131,
      0.11767398617338842
    ],
    [
      -0.04909686964178861,
      0.34606479462035855,
      0.37829256233354824,
      -0.8056421344921036,
      0.6532908056522893,
      -0.7815231686086077,
      -0.9922866858363655,
      0.8661087048581104,
      0.5894925472131927,
      0.21049566599436798,
      -0.26124121164253133,
      0.01314562520925655,
      0.28302724096340515,
      -0.40780541032742934,
      0.510974544646535,
      -0.12568319557224328,
      -0.864081418886117,
      0.10777563562332593,
      0.2864648499276343,
      0.410696865994608
    ],
    [
      -0.7808520388787783,
      0.7407686202200576,
      0.11862667703162932,
      -0.7986684136652238,
      -0.718738660379024,
      -0.528057502670898,
      0.022414118171164787,
      -0.5563155498055719,
      -0.8336522689060841,
      -0.3298984648722503,
      0.9781583002359684,
      -0.13680424629801458,
      -0.7901960901068554,
      -0.4725167251691076,
      0.7438846539649446,
      -0.21023373028694214,
      0.11167640990746452,
      -0.15099360581091315,
      -0.13040941762524239,
      0.2999018785101881
    ],
    [
      -0.5540441375923917,
      -0.6558500324949608,
      -0.9105965592572305,
      0.850572899785248,
      -0.6566176412799134,
      -0.236365593166445,
      -0.9521695041288141,
      -0.7114976766086416,
      0.8442699733019798,
      0.5991212473593868,
      0.49156398839194515,
      0.7945203554564548,
      0.7120899082868317,
      -0.203313472303839,
      0.13372147546612023,
      0.4542930744592426,
      -0.15202129016968557,
      -0.012908745382455233,
      -0.7007641189405047,
      0.11199636987520667
    ],
    [
      -0.48857783649413244,
      -0.8366832880124171,
      0.24136728375698868,
      -0.043340490264327736,
      -0.5171972140494656,
      0.4786204444754518,
      -0.4260976266016485,
      -0.3303017440248375,
      -0.8761826218442055,
      0.8829403829786149,
      0.8902292653306036,
      -0.17481723923444337,
      -0.9705303982978981,
      -0.6045852622940517,
      0.20098329566093698,
      -0.4746563241533437,
      -0.8970808122956397,
      0.33780780184002746,
      0.261882324707454,
      -0.9618599530619294
    ],
    [
      -0.7746324521116168,
      0.35856432552775774,
      -0.518310490383574,
      0.010340565972276394,
      -0.6592344626882525,
      0.41022035280347224,
      -0.12942802646438434,
      0.7389637287627495,
      -0.5981213696580139,
      -0.5004109638515306,
      -0.559553265539025,
      -0.46450637001977313,
      0.3919406822855165,
      0.9648301081908257,
      0.9448303392340389,
      0.29895657605753834,
      0.42301908667571597,
      -0.5358256731017803,
      0.8613891955080104,
      0.6508054747188425
    ]
  ],
  [
    [
      -0.3497982610885366,
      0.45828380768077515,
      0.815233857905844,
      -0.5922714690652906,
      0.8677631364958451,
      0.6018296570334225,
      0.27611140678322355,
      -0.9648186685587345,
      -0.8708269623195872,
      -0.5239705516889619,
      -0.007961655512864763,
      0.029657021377332837
    ],
    [
      0.500258415142673,
      0.8613057867372929,
      -0.48058125816970376,
      0.4980192095515181,
      -0.25704248661633966,
      0.22291815869950282,
      0.382521784396914,
      -0.8249745525294161,
      0.8200048283404766,
      -0.5945276086130395,
      0.9087195492644093,
      -0.12942810701660012
    ],
    [
      0.6044127639222039,
      0.4851828962829059,
      0.036665319161000465,
      -0.924268612869108,
      -0.33290224695793724,
      0.5858204099245787,
      0.05036557321497659,
      -0.8072699106429553,
      -0.25089035583138997,
      -0.41204061407252635,
      0.3884823912063442,
      0.0584250230789638
    ],
    [
      -0.5502859858150566,
      -0.44247644241203177,
      -0.6950867941797987,
      -0.4273792554776734,
      -0.8097778606974537,
      -0.2731545238536788,
      0.3064965786899805,
      -0.7859373045487501,
      -0.9041905472708347,
      -0.3204727105464904,
      0.8022385912713341,
      -0.7406913239194979
    ],
    [
      0.15747969006558393,
      0.18517216214545318,
      0.29854486897698385,
      -0.17224471961196186,
      0.1287759924133005,
      -0.7896053029297925,
      -0.8573922947578547,
      -0.8866616598336379,
      0.2149572019649968,
      -0.7640148336646548,
      -0.20753220837934316,
      0.9198147889168586
    ],
    [
      0.3265687154437771,
      -0.5316366569731177,
      -0.29999726436831486,
      0.3079011236738287,
      0.9772613291961185,
      0.6413903440610966,
      -0.49800629034268984,
      -0.4924964054297456,
      -0.16463701003869158,
      0.8215809137773746,
      0.5919126512185613,
      -0.8154717883318952
    ],
    [
      0.9930436461114547,
      -0.8645031981387323,
      0.701444456755653,
      0.4603169939978151,
      -0.5511178048869023,
      -0.9365962649134771,
      0.686724292904678,
      -0.3568386642992334,
      -0.9753966033973649,
      0.47905468651687166,
      -0.6379068648663739,
      0.13352663021925282
    ],
    [
      0.5191439270834866,
      0.3981389188976434,
      0.29677590183483016,
      0.3469164963852518,
      -0.8573269365370999,
      0.1877300764800891,
      0.11273366997165146,
      -0.09023146047320374,
      -0.8606251830266316,
      -0.24897204284739272,
      0.2232423477721781,
      0.3560795576546545
    ],
    [
      0.4982063854833185,
      -0.4877306272258415,
      -0.10484314501441627,
      0.24781031904424333,
      0.6168723326244263,
      0.928676685393764,
      -0.13617568559293014,
      0.8660930702583958,
      -0.7194376644607234,
      0.7658630294253195,
      0.49229866529966393,
      0.13605545742043135
    ],
    [
      -0.11053528116850275,
      0.347066406929025,
      0.04880236782878522,
      -0.7261761568736629,
      -0.20072080750904364,
      0.7989682072581723,
      -0.96469575349721,
      -0.033713993823362154,
      -0.6382753537657864,
      -0.2113403808035521,
      0.18995463720727623,
      -0.8056965567910281
    ],
    [
      -0.30581561849491057,
      0.421657080386622,
      -0.004636343098342488,
      0.43942887822660315,
      -0.14866818844170937,
      0.8123717756706861,
      -0.433030814657823,
      0.392244654228854,
      -0.07773696311584222,
      -0.370329007667378,
      -0.16573410443007686,
      -0.6296980414607052
    ],
    [
      0.9394847896136431,
      0.1411725791290097,
      -0.39933370249911304,
      -0.8401172247539324,
      -0.9125295071163126,
      0.9392506988803766,
      -0.5453036923053651,
      0.030123830720145905,
      -0.09799818401458738,
      0.029625650770607637,
      0.04399639697107882,
      -0.9818247155593158
    ],
    [
      -0.6932741903514466,
      -0.64335564288476,
      -0.5792720193968446,
      -0.6749488933900483,
      -0.02922637112947557,
      -0.9349500760276699,
      0.7531510990659902,
      -0.7690975745050712,
      0.9143195991628195,
      0.8550999588004369,
      -0.6337451526953768,
      -0.5674632289594346
    ],
    [
      0.15830550131113674,
      0.3660347407706279,
      -0.42911752554296645,
      -0.7631562584507396,
      0.8594962743399119,
      0.19370138175059548,
      0.020002810505674873,
      -0.9786842685714725,
      0.3112392434233979,
      -0.8405669145255623,
      -0.6118859912138896,
      -0.9922169103981398
    ],
    [
      -0.48520772093438835,
      0.8011206812423683,
      0.09435933325556678,
      -0.9791154140561515,
      0.014011426893175027,
      0.22220513283575105,
      -0.06460604530449232,
      -0.7554343309205558,
      0.391499289365256,
      0.15182056599477867,
      -0.18505317074759886,
      0.5717163627463511
    ],
    [
      -0.32368381134815216,
      -0.2144010908195524,
      -0.7859801751962392,
      0.021018844969295625,
      -0.9064981340151679,
      -0.6460362345751429,
      0.3943120654227683,
      0.6900776750813424,
      0.5250061064669509,
      0.8462301279383793,
      -0.5942022918452785,
      0.33480944535413304
    ],
    [
      -0.02302805533123209,
      -0.1282229309371632,
      0.39530633702131746,
      0.12660238658178224,
      0.9738883966429259,
      -0.8324980425600854,
      -0.6663879569925735,
      -0.5610341756332029,
      -0.25997883513265396,
      -0.8801138237471515,
      0.35951915479722185,
      0.9575176308880811
    ],
    [
      0.6784558599335051,
      0.22999228564771768,
      0.9420562144747966,
      0.9159007165667292,
      -0.7758198904300067,
      -0.5945251033345826,
      -0.5057095720187474,
      0.039004477087876355,
      -0.4053548885719982,
      0.42471972837109906,
      0.29616121056090194,
      0.23926876387564744
    ],
    [
      -0.9833918480948847,
      0.5121440757136244,
      -0.07862138200174829,
      0.5336407208809524,
      0.07599982170654718,
      -0.004297584121628839,
      -0.8199964647264537,
      -0.26953323492575043,
      0.6075069395520458,
      -0.8480808180992028,
      -0.8650500777433769,
      -0.7529524115216648
    ],
    [
      -0.8641467675291186,
      -0.08520907414554202,
      0.18196438101773516,
      0.07804539393110854,
      -0.3302055851941008,
      0.8335912728473234,
      -0.2969371704716941,
      0.26732457279049204,
      -0.5312840885079251,
      0.61586196064853,
      -0.5059593204653539,
      0.7930020416933643
    ],
    [
      0.015256151859717626,
      0.610013870260274,
      -0.06930381319189238,
      -0.053396433321122316,
      0.09322624473938212,
      -0.8203771108562596,
      0.9596040705286961,
      -0.15642194297088685,
      0.351608530247717,
      -0.2967837628431762,
      -0.9108268843743448,
      -0.1969930565514546
    ]
  ],
  [
    [
      -0.4008610986277461,
      0.6210277590691853,
      0.3119053180051703,
      -0.8176515104855717
    ],
    [
      0.8617713137596446,
      -0.6200255747336922,
      0.32853377232834724,
      0.3934536809906042
    ],
    [
      -0.6161771251622268,
      0.953277158096302,
      -0.5643281254164165,
      0.8519640677012472
    ],
    [
      -0.08400219579398249,
      -0.9545290565867346,
      0.8380618012341459,
      -0.6196323228741922
    ],
    [
      -0.8273260216879315,
      0.06865533644058752,
      -0.0020267750718050426,
      0.07464305341494315
    ],
    [
      0.134527954672514,
      -0.6439960263701436,
      -0.23934760934423993,
      -0.9051165709622544
    ],
    [
      -0.3978080436912137,
      0.6276920634956682,
      -0.33758174343752234,
      -0.8973377639159865
    ],
    [
      0.2914582556450176,
      -0.8277750630618155,
      -0.5185026705465037,
      -0.7530357535823229
    ],
    [
      0.7614719405263304,
      0.7821167679947783,
      0.5541843368092776,
      -0.29388681446954035
    ],
    [
      0.6357707606692182,
      0.6772271091140418,
      0.4373609536357663,
      -0.3848253960067267
    ],
    [
      0.24165564787469918,
      0.36463590148392067,
      0.3828875004485879,
      -0.6921861997348133
    ],
    [
      0.40203289385156626,
      0.4097690879517619,
      -0.966719524567633,
      0.0657919363449615
    ],
    [
      0.9844989001214046,
      0.38032894364500147,
      0.42553584938246747,
      0.9586996943224446
    ]
  ]
]
