[
  [
    [
      1.2953626548262664,
      -0.28298781039153165,
      -0.5764671813387474,
      -1.0428563109061273,
      1.1563871468947708,
      0.3899944351127149,
      0.7149964330289083,
      0.15959423512510154,
      -0.27273647673839924,
      0.6820634779026741,
      0.9975342923115939,
      0.6460049656680213,
      -0.26383592468537437,
      0.9208054077683114,
      0.20905425648784332,
      0.8007848587549071,
      -1.1027027507089076,
      0.25109751380655576,
      -1.1313316267061782,
      -0.7786805517288272
    ],
    [
      0.835449004985287,
      -1.0051258599695614,
      1.2758312005342256,
      -0.8228489275021169,
      1.443216063957729,
      0.16139549837657058,
      1.2133124236111779,
      -0.296279185028918,
      -0.6325834521752267,
      -0.47235426079739545,
      -0.46325857302124535,
      0.690528071822371,
      -0.867482660358478,
      0.3567666610246748,
      -0.13448365176792212,
      0.19468544986887026,
      -0.9102304141940835,
      0.2275167522537379,
      0.9672021276449307,
      -0.6730228731041967
    ],
    [
      -0.07658230048093233,
      0.9577216624066168,
      -0.1879590310450951,
      -0.18273201703977865,
      0.20014282655807047,
      -0.06913504335780064,
      -0.1638720618306676,
      -0.638298232836245,
      -0.8301851305853213,
      0.5606835986022594,
      0.33530545266414874,
      0.14042157846358316,
      -0.6829486586353639,
      0.8809502115430141,
      0.3569943116909627,
      0.21845749667159975,
      -0.5566174834142252,
      1.536881852549011,
      -1.0450863651494389,
      0.20915148409216197
    ],
    [
      1.038928825916059,
      -0.20462897087621043,
      1.3316837127469079,
      1.1190841399684008,
      0.6288566955315197,
      0.19926146815715418,
      0.3145541773748041,
      -0.6928421868912339,
      0.9311350338753319,
      0.9370971033557249,
      0.7389029674423949,
      0.5288641242549,
      0.5351025066818416,
      0.16755631413891833,
      0.5537615401933648,
      -0.7582800540457266,
      0.488781423649857,
      -0.9881151652164016,
      -0.5844390621711166,
      1.190670632288184
    ],
    [
      1.2508867794221294,
      0.4205839990379247,
      -0.7837734366203138,
      -0.4372269648785304,
      -0.6577887499893555,
      -0.569598214603017,
      1.0865262847836954,
      0.8480608355249536,
      0.03957286396926901,
      0.2940581335356182,
      -0.4472406795704895,
      -1.048744025658459,
      0.9723734993264228,
      0.12736254740946013,
      0.05258047029942839,
      -0.20338750222554047,
      -0.6977455070068058,
      0.9051455109504449,
      0.07663368557183056,
      0.7986316246284566
    ],
    [
      0.9747684476215813,
      0.7354788735870997,
      0.0343201855685934,
      -0.23771205713368804,
      0.7152159286699888,
      1.2831812217069427,
      1.115203720262738,
      1.2141151601916111,
      0.9512315681008349,
      0.1995720669907394,
      -0.8000068716252627,
      0.8201118671382246,
      2.1866513007119934,
      1.1119283431631604,
      -0.1973782983260463,
      -0.5803402339991856,
      0.851365225834676,
      -0.09239247786145169,
      -0.319944045474466,
      -0.6994618985009983
    ],
    [
      0.5679043817577932,
      0.04318039857404904,
      -0.6078305850227002,
      0.8120070472231822,
      -0.7013456509708575,
      0.6626756189865064,
      0.9022027163963029,
      -0.8883875518387118,
      0.26935219104572095,
      0.025289367021538986,
      -0.07132310135857535,
      0.23362629810731592,
      -0.7696313564873357,
      1.1367977785125185,
      -0.10837698296736031,
      0.5595770943147611,
      0.7904231641098718,
      -0.3875468209858775,
      1.069211162814103,
      0.611958085501592
    ],
    [
      1.13722530110324,
      0.7305125730204226,
      0.04201415526384067,
      0.40506337841443785,
      0.3481337304888818,
      -0.18546200043422603,
      0.35054515360623906,
      -0.04905750407056758,
      1.38324970285311,
      0.5532609285767476,
      0.5566419024517173,
      -0.4246221639794921,
      -0.2253333404780271,
      0.4612347327610645,
      0.05910613284475469,
      0.8153738820585374,
      0.8183712543490151,
      0.40586962642301055,
      0.12222435264383086,
      1.0908459270187454
    ],
    [
      0.8065172255401903,
      0.40833898238674077,
      -0.32060774296369565,
      1.1778643915541647,
      1.5058674227166469,
      1.545107995053801,
      1.0037947867799146,
      0.7998682790348479,
      0.0796349189996246,
      0.06748997131127044,
      1.138028368902836,
      -0.5300701411204453,
      0.6541057522477013,
      0.2539211758229313,
      -0.389367271285863,
      0.5247131737431374,
      0.5937745813472083,
      -0.5377001750058441,
      0.2563499417511662,
      -0.36663167177657163
    ],
    [
      0.8635972030913922,
      -0.156563859955321,
      0.2617127593865897,
      -0.5479377522060134,
      0.5849214134355105,
      1.154886603625629,
      -0.6356554582823357,
      0.0486954537193619,
      1.4916670048112917,
      1.7544373433075242,
      0.63728530861769,
      0.022778360305306083,
      0.2681144665066245,
      0.7809255177837365,
      -0.3960716317503411,
      0.5677632567857777,
      -0.6854647675004782,
      1.3393580810226173,
      -0.05486532616326141,
      1.0264755299262525
    ],
    [
      1.2960358913417107,
      0.8201508551180295,
      1.1408363073393002,
      0.12966539852604175,
      0.6306331309752945,
      0.09730301481481754,
      1.0432486196264068,
      0.5612883452828061,
      -0.12214264140669889,
      1.046354543052959,
      0.9920200047981771,
      -0.8289673930411615,
      1.3474059039698074,
      -0.42758617069863825,
      0.00682044754968375,
      0.6794295387155762,
      1.5598550379482168,
      -0.341209313863941,
      1.1482435112804044,
      0.7633332925030416
    ],
    [
      0.9255747308142622,
      0.7611370314440209,
      1.1719137746693864,
      -0.7860730240174945,
      -0.9417766877163609,
      -0.4314070098670872,
      -0.08145972818746156,
      0.4808351372679116,
      -0.2397427983043241,
      -0.21922291090059104,
      0.28552885131344985,
      1.0536941608486083,
      1.0820889963770528,
      1.196906155731795,
      0.47076281889674065,
      0.5659453012630158,
      -0.5300235478234842,
      0.7367913365924041,
      0.5158464028356562,
      0.33010973296456947
    ],
    [
      0.9981326992472599,
      -0.5867857119204465,
      -0.006237194405781715,
      -0.2277259030868172,
      0.366217273101153,
      0.0871907495005308,
      0.4650944051361955,
      -0.6005765220201795,
      0.6394255914354681,
      0.8460002163496344,
      0.8850380020758135,
      -0.2989449551203521,
      0.698123639498829,
      1.0028430901592875,
      0.07060542563910986,
      -0.3016821453492275,
      0.5448760699316134,
      0.9627034673000775,
      0.26384346924630175,
      1.1539451246039174
    ],
    [
      0.8590228194771643,
      1.6519857370703834,
      1.0157740347323565,
      -0.29546192322568904,
      -0.35682314993913355,
      -0.03242982543509766,
      0.3981540275354062,
      -0.4145591125204669,
      0.21441989446106646,
      -0.7641326313107378,
      0.7329672955945075,
      0.7309367043224796,
      0.25704060690549807,
      -0.16200061241025354,
      -0.29308630264854485,
      0.19162617327357284,
      1.378032742670684,
      -0.5559705340008411,
      -0.7352496815751156,
      -0.30687103918580216
    ],
    [
      -0.9318433990587343,
      -0.8507160987543219,
      -0.48191689629004275,
      -0.7532456340989142,
      -0.049756491025100935,
      0.12229267627304262,
      0.27585229440399683,
      0.6153521527736132,
      1.6790115305395648,
      1.221675677220526,
      -0.3747895897436044,
      0.25785989459490755,
      0.13738199858917827,
      0.7315428430132083,
      0.9046494509119397,
      0.7778660693761994,
      0.27189395981216646,
      0.8262764845382241,
      0.9572541410976158,
      0.37219174723722526
    ],
    [
      0.686461360639326,
      0.30074545229278526,
      2.8726690717233625,
      1.057692147002999,
      0.23397738439206422,
      0.4501490817544569,
      1.094425140583748,
      -0.10028557445178904,
      0.6187377331360614,
      2.0644666859488323,
      0.008553549931909099,
      1.4182062239681426,
      0.715557697620104,
      0.5193154117503234,
      0.15219423011544567,
      0.7170238573458572,
      1.9516378421966785,
      -0.3363644111350602,
      0.7658006556299655,
      -0.345323148469354
    ],
    [
      -0.6857044289860638,
      0.768821452825771,
      0.938983343505215,
      0.17083287644247985,
      1.128839601345236,
      2.2851432424315314,
      0.9183121844288565,
      0.9780353480061038,
      0.7381016967519286,
      1.4582160983580719,
      0.7231997744782414,
      0.4101810358197927,
      0.6409213220446559,
      -0.2738692544773923,
      -0.1283445171382311,
      0.6697342560386089,
      0.11772370025660239,
      0.4454229392751848,
      0.4362319175137014,
      0.9421098276334334
    ],
    [
      0.7326870164901804,
      -0.6140825738796247,
      -0.24776488344124306,
      0.7502060822147714,
      0.6705086476926082,
      1.1102962042032112,
      0.7802599850843752,
      0.259286543633893,
      1.705597698690931,
      -0.46410538599360907,
      0.34876621259720186,
      -0.33207483011522354,
      0.8860432156754128,
      0.06633544612085868,
      -0.2618278801430855,
      -0.5942381067667536,
      -0.19328790536304163,
      0.40930834524415993,
      1.1038238301070242,
      0.46458390866113475
    ],
    [
      0.534940837030874,
      -0.6380058089314575,
      -0.1581238750307423,
      0.8749168548217751,
      -0.05429915165080543,
      0.6835456302798539,
      0.005401447283367666,
      0.34848375771885,
      -0.2727990185020118,
      0.8381466040777037,
      0.2089934600224557,
      1.1975927676090212,
      -0.38203727009070987,
      1.628613208134482,
      0.2093206791569412,
      0.7328770213157536,
      0.08851478448932104,
      0.7255078522184506,
      -0.075489463557038,
      1.0869039317494185
    ],
    [
      -0.4681995647071243,
      -0.5855039484150428,
      1.4557787842192673,
      1.2032881406791716,
      -0.10535358171559878,
      -0.5639911224672183,
      0.9733197007672527,
      0.9813816773562948,
      0.9689014435398193,
      0.22378150883469738,
      0.07758290731346815,
      0.3138721508102871,
      0.8134877507547105,
      -0.41107788903507253,
      0.4632369451671713,
      0.38915617917672674,
      0.565603380433904,
      0.8712374739485658,
      0.6103323955128485,
      1.6236025855397427
    ],
    [
      0.7461436767377225,
      -0.02311626649704833,
      1.2432488454035804,
      1.6033726951003078,
      1.5082240312100361,
      -0.6637654183721312,
      0.6160829282685367,
      1.92616699704815,
      1.2187120135023841,
      2.221854493926023,
      -0.653459073205858,
      2.1318907751025136,
      0.544167423096805,
      0.7439609240493968,
      -0.10855494947625105,
      0.9186991912956155,
      1.2013592789030618,
      0.28342696587062716,
      0.48674970469748746,
      0.8176722370416281
    ],
    [
      -0.5010429699634772,
      0.3837518627993291,
      0.5128836669869932,
      1.8264336043751521,
      0.4007285801560968,
      -0.5456361443440141,
      -1.0802846974552935,
      1.2299960110951744,
      1.1903246538309649,
      0.7110344498865154,
      0.5235441914444161,
      0.5263351922826571,
      -0.4355992871129893,
      1.4454474696385105,
      1.3859416355214804,
      0.9661722580871078,
      -0.6806690210395627,
      0.11876953070330584,
      0.1500014428677477,
      2.147293803419453
    ],
    [
      0.6378895889290447,
      1.4376926945731765,
      0.9802973861152224,
      0.4841056406045997,
      -0.6195057177796874,
      -0.4708519751145616,
      1.3383505777490112,
      -0.24771789671506808,
      0.8158028588649442,
      0.10031696421264225,
      0.18728813391868604,
      0.5971420112218306,
      0.8219063513402268,
      0.6927905864705132,
      1.8776606485313372,
      -0.13237245286185964,
      1.0414403099669918,
      0.7027512898421016,
      -0.06159628042492599,
      -0.00023129706009206163
    ],
    [
      0.6147974011285294,
      0.5022847814139946,
      1.1839666223704906,
      0.7914827375484441,
      1.1443308182096776,
      0.2692723062279907,
      0.09389933735885901,
      0.3714364859207737,
      0.8906555133758388,
      0.5857385251076964,
      0.3438134945780691,
      0.6382953421581755,
      0.147446293682524,
      -0.6098403408676675,
      -0.15042858063135964,
      1.5890402462679947,
      1.3291372330624824,
      1.5091249105522238,
      -0.045308789561738526,
      -0.6814693546492293
    ],
    [
      0.19376929755912076,
      0.8786782195067131,
      1.318641595065653,
      1.1621943324570287,
      1.7361283132068102,
      1.2106659047805015,
      0.03656854287247746,
      0.53509278411199,
      0.8176346302861306,
      1.6665460837875545,
      0.5288829459517569,
      0.7259094480001033,
      -0.18926127907607646,
      -0.2844175793567218,
      0.2114419472700524,
      -1.0770248687922073,
      1.5879323948564223,
      0.5456850812050249,
      0.9435099533255524,
      0.18473227274563972
    ],
    [
      0.8215215038053593,
      1.2976815755468665,
      0.9204117031106906,
      -0.18820255422987558,
      1.4410456163305883,
      0.14015213199058918,
      -0.0963041181780297,
      -0.22860046678236273,
      0.22613584312468887,
      0.0074811674032201625,
      -0.32666978121426615,
      -0.7829504111000211,
      -0.018489895677338997,
      -0.3613249725725957,
      1.0950207348146765,
      0.007302843228941612,
      0.28885287330825765,
      -0.9891915945863082,
      -0.8061168788205904,
      -0.578262450787521
    ],
    [
      -0.986287029823136,
      -0.3358113751031865,
      1.0630784052415463,
      0.10818443556569113,
      0.7367347729533145,
      0.9884841710602141,
      0.0042038455826642895,
      0.5618492778905223,
      0.6341072442856552,
      -0.4775553415115685,
      -0.3727459739157575,
      0.7901224593086176,
      0.004264186560752614,
      1.0756036353385443,
      1.3448033473200733,
      0.3188811699443805,
      -0.7294157127674779,
      0.5018449332616338,
      1.0695227698832892,
      0.7132936018664202
    ],
    [
      -0.10063511641029582,
      0.4762956337313592,
      -0.5168161196296325,
      0.5346335050446736,
      0.1380941359826222,
      1.3967116058430389,
      -0.14379124422806736,
      0.9714419231119582,
      0.2446430230462856,
      -0.8346141248253524,
      0.5224581366272929,
      0.9196266180406631,
      0.5210295273689807,
      -0.1707741212974317,
      0.16420310387451098,
      0.7502012083296956,
      1.6076692193637387,
      0.609778230855516,
      1.343939846512798,
      0.8987005106846773
    ],
    [
      -0.746782276196385,
      0.8395690074542689,
      1.9512033236509785,
      1.1469994349558126,
      0.48464872072364484,
      1.079708212223295,
      0.297477672442845,
      0.7971370421527584,
      -0.10935815106519335,
      -0.31874336292931593,
      1.5977656514774263,
      -1.191330937303946,
      0.7654375412737771,
      -0.6195158690983222,
      1.6733496803134298,
      -0.5571906153045019,
      0.036974651786744916,
      1.933658769603449,
      1.021227401048493,
      1.4091377931149813
    ],
    [
      1.4190833972354469,
      1.0168404663435646,
      -0.35370615554548424,
      0.47489680022701264,
      1.6973689494336053,
      1.305494990113107,
      -0.24768180690868824,
      -0.24619413934278025,
      0.9695414237034216,
      -0.7487467157526012,
      0.5179992262926878,
      -0.30966505644341413,
      0.09839800569573609,
      -0.7403129433549807,
      -0.28774082420914493,
      1.658294519512242,
      0.5754180048974904,
      1.5453499031344091,
      -0.23681299170983447,
      -0.9114808949984363
    ],
    [
      -0.5261252568075399,
      -0.18912136646042238,
      1.0231507147454202,
      0.7530722301790365,
      1.5330237538448426,
      -0.3966605591201604,
      0.7412793878791752,
      -0.030225137100873073,
      0.06160955263553246,
      0.6591063873691219,
      0.4812446967770243,
      -0.4036667949158279,
      -0.5247902366561805,
      0.9176724530302257,
      -0.04618619220740611,
      0.8369391733806457,
      0.3732176667053808,
      -0.4858852258596711,
      -0.5115153939171755,
      -0.35841543661535
    ],
    [
      -0.444230104831776,
      0.3731687091341987,
      -0.2940592742002686,
      1.48409500425144,
      -0.746174702611488,
      0.7321383139346674,
      0.3943071291918487,
      0.7879428476339803,
      0.023172184944093205,
      -0.6197905858094546,
      0.01868900775794409,
      -0.3438482492104699,
      0.16287205841511287,
      0.5797778684532231,
      -0.681207827090461,
      0.6001011289478617,
      0.07726796964034398,
      0.5314205817947659,
      0.7404525222318704,
      0.7037586273861695
    ],
    [
      1.2262373383703873,
      0.11588453386273156,
      0.2668722800052251,
      0.6316324285071545,
      1.6348387316037911,
      0.04747079749010474,
      -0.9646359236458593,
      0.057341466114739115,
      0.9146620647082009,
      0.15589544683781448,
      0.6326727875688407,
      -0.38474555564825763,
      0.5424350705530908,
      0.8632351755159448,
      0.05232349560413781,
      -1.0382060048393758,
      -0.4996834928467615,
      1.0773940666599198,
      -0.5682999257601382,
      1.487143433405382
    ]
  ],
  [
    [
      1.4383295959514726,
      -0.20586246825525578,
      1.4003689634532477,
      0.9941045134589656,
      0.9981695427004884,
      0.09755841824231454,
      0.5327970508115237,
      -0.1363345072849299,
      1.5013520740960393,
      0.34975912421803984,
      -0.2154070662224811,
      -0.2619743246114522
    ],
    [
      -0.5900331561862375,
      0.003940700930749247,
      1.4083455658178186,
      1.5503288442897458,
      -0.6534807082723177,
      -0.2783013149424997,
      -0.7312408506443875,
      0.6613319584445863,
      -0.2632247587379549,
      -1.2121231648104835,
      -0.534281866492046,
      0.217349582355635
    ],
    [
      1.407995095786904,
      0.7621658331594774,
      1.318089782291706,
      -0.31809943573917754,
      -0.5307458321517367,
      0.10442327574036264,
      1.2202184288415847,
      0.20690104294115141,
      0.40794138391870577,
      0.9530917346942018,
      0.7172951811811493,
      -1.0845593844508579
    ],
    [
      0.370705987642565,
      -0.24981626054037806,
      -0.6709727887983362,
      -0.12218969357203809,
      0.7260952538314536,
      0.3606075331811415,
      -0.06944612915714593,
      0.9138275146813759,
      1.2483695992626138,
      0.5908223994035733,
      -0.3283800184071753,
      0.6628293238811662
    ],
    [
      -0.8059780275504742,
      -0.1565538378820605,
      -0.2692457364889647,
      -0.10810830953457662,
      1.0825204685398537,
      -0.06673240197446073,
      0.8638030677347558,
      0.5765453751152297,
      0.9294721930212543,
      1.2389187775627648,
      0.9364865389275978,
      0.728714606455662
    ],
    [
      0.5164673760644688,
      -0.042344591685734234,
      1.0983335699120578,
      0.06238753265898306,
      0.30226956679767203,
      0.03452036535167596,
      -0.4817598754739526,
      0.8162308858047878,
      1.2865365928888055,
      1.3488291147269635,
      0.12854501647324718,
      -0.43462212356549734
    ],
    [
      -0.19040567353222934,
      1.1483553592686608,
      -0.4722611027749466,
      0.8112610620836216,
      -0.04691044865183158,
      1.184059006515848,
      0.9808419382969038,
      -0.03261405244033663,
      0.38343222302166274,
      -0.40270221223621483,
      -0.6126520635237112,
      -0.71456688499057
    ],
    [
      0.9013216957330035,
      1.5843253161120554,
      0.8489496119391424,
      0.008671652852941136,
      1.094244745226729,
      1.496344669560096,
      0.854942831804984,
      -0.6887659557646714,
      0.028632077305693143,
      0.12188629630619241,
      -0.07119410021697246,
      1.1613168330682695
    ],
    [
      -0.6866499167636918,
      1.0554360040168451,
      0.6911154039240239,
      0.6234634459582884,
      0.004181795130514893,
      1.7028543188393996,
      -0.6618195034806048,
      1.427919955955406,
      1.119199589197683,
      0.32897807142807256,
      0.2785888017360143,
      0.8859652964698906
    ],
    [
      -0.2320482004966394,
      -0.35316539825807036,
      0.6769315351077168,
      1.1638682593782157,
      -0.19540241108066775,
      1.9188926216216582,
      0.5400378375865098,
      -0.4979027899735863,
      -0.3138137884373716,
      -0.4776502669900242,
      0.224821922867732,
      -0.04386316737652857
    ],
    [
      0.826110129824186,
      1.3892005550754993,
      1.5995325661489792,
      1.1449899164980963,
      -0.023498630109518276,
      -0.7863507443460757,
      0.03249416239979297,
      0.6885469276454552,
      -0.05209148881892581,
      0.5546495188096217,
      1.2161581700986273,
      0.565973812710652
    ],
    [
      -0.30622260481900554,
      -0.9581913594170008,
      2.0695673379410153,
      1.4558550380166535,
      1.5343881574364526,
      -0.19398913299154458,
      -0.19108457980277613,
      0.13438095379809156,
      0.7273153955698923,
      0.5020136363349781,
      0.6294325457694343,
      0.24529648915270458
    ],
    [
      -0.5895839366194635,
      0.8081409353491028,
      1.2692379260239206,
      0.6948040199110406,
      -0.17653238119688397,
      0.26476416363595767,
      1.3207527300845103,
      0.1213276658327776,
      -0.22687048190356607,
      -0.2675883927014758,
      -0.11916109187723463,
      -0.3139427595370472
    ],
    [
      -0.32519838490923886,
      1.0197579043140197,
      0.12282046689693779,
      0.03445548770461811,
      1.6821787730355715,
      0.7443513570380516,
      -0.04461051195857402,
      -0.6337977805584312,
      1.4997922575428162,
      0.23186241440488212,
      0.08967829681384333,
      1.332513491282291
    ],
    [
      0.9556308937666942,
      2.244601097061983,
      0.7247272998591838,
      0.3873557175460096,
      1.4696576546774631,
      0.8202175898635892,
      -0.4697715881632425,
      -0.9154688074035241,
      -0.6664327649763009,
      1.3547848727161056,
      -0.3563667051203249,
      0.6609674693240554
    ],
    [
      0.690171692559961,
      1.5819101362921917,
      0.08675365747590047,
      0.5000728000563488,
      1.394909787493615,
      0.7322484168333391,
      0.13823999449166358,
      0.5113698543941714,
      0.8316927872045525,
      1.5241603579044054,
      1.1767969335368416,
      1.4271248245905215
    ],
    [
      -0.5471559853058403,
      1.381754916181504,
      1.473256958252431,
      1.6724752880756004,
      0.4235870227809816,
      0.4229083249832155,
      -0.8600631836250681,
      0.5344287974991697,
      -0.0375988810281766,
      -0.36651569566767633,
      0.1427345587904929,
      0.9220750647273139
    ],
    [
      0.5080872040767805,
      0.8871176997314965,
      -0.23966469420021436,
      1.0208912779702353,
      0.4795443947658712,
      0.8673281213984693,
      0.9616270150936983,
      1.442061290110622,
      -0.06485456318829211,
      0.5679749904241798,
      -0.940531606748723,
      0.49410060414726015
    ],
    [
      -0.3124255700166171,
      -0.9640249768607495,
      0.7076247702130851,
      -0.5254706763700466,
      -0.050868072811908804,
      0.7960317488502295,
      1.0145293576961216,
      1.1492226191611192,
      -0.2681578725122439,
      -0.33390867381139216,
      -0.6968057214508131,
      0.5995388384528473
    ],
    [
      -0.057485208824674006,
      0.3160921868209271,
      -0.7645726774557426,
      0.12316904086973449,
      0.9410299983432548,
      0.7699512624393599,
      -0.7728554311671882,
      1.1370742290152027,
      -0.26416682848206624,
      0.09203703456451957,
      0.5544827240247822,
      1.7812088597438958
    ],
    [
      1.1866496667806503,
      -0.548807874575227,
      0.8435032312338853,
      0.939470758058703,
      0.2058688527847493,
      0.9342564298291818,
      -0.47574532996322544,
      -0.5644921480105349,
      -0.4246874388441334,
      -0.6121073579996007,
      1.6130969765879801,
      -0.2954144184582671
    ]
  ],
  [
    [
      -1.057914160875239,
      0.09299060903147088,
      -0.17880960886703445,
      0.4971516039089171
    ],
    [
      0.8603555329805701,
      1.348764914315258,
      -0.805864228714015,
      0.7518191021395916
    ],
    [
      0.5679052259516382,
      -0.16658795701670054,
      1.3596767770878333,
      0.6100690091196977
    ],
    [
      0.7567962750042267,
      1.3414037416654412,
      1.0460423005936952,
      -0.5182881655353787
    ],
    [
      0.6457107891476705,
      -0.6442665328789273,
      2.309780424284214,
      -0.275243374708686
    ],
    [
      0.3217746028242273,
      0.28815964379656284,
      -0.24829572779250256,
      0.5320572866326235
    ],
    [
      1.5335833216739623,
      -0.7459904608507791,
      0.054703922964754265,
      1.7526409982970306
    ],
    [
      0.952740147559175,
      0.22201322289582476,
      -0.33205469088183415,
      1.5912096721755495
    ],
    [
      -0.34458877584939357,
      0.4956431652797276,
      -0.06532582767695144,
      0.965929121935452
    ],
    [
      0.860352565447766,
      0.6290530834565357,
      0.24658233353186718,
      2.050370672337192
    ],
    [
      0.1060643983352328,
      0.918734425787685,
      -0.20358313525968796,
      1.2326058061289071
    ],
    [
      1.9801922433027848,
      1.727781634762232,
      1.1292915037719848,
      1.7840992970496905
    ],
    [
      0.700611506279436,
      -0.6953662108502568,
      1.0923916456834835,
      1.0474031776907646
    ]
  ]
]
