[
  [
    [
      0.12302217201776666,
      -0.4368967968384407,
      0.6720291084446182,
      0.08245753168073158,
      1.228209266828346,
      0.07924398445095812,
      1.2806660831272425,
      0.9523068521146731,
      1.9100743336830037,
      -0.7360770736469735,
      -0.49653871508567005,
      -0.47843961177388283,
      0.025768181040024197,
      0.9312100971117343,
      0.3940536387824165,
      0.8068457944023383,
      0.7160685880746827,
      -0.6015071130367365,
      1.0086663686370447,
      0.26984035933107
    ],
    [
      2.436752027729287,
      0.992664614856795,
      0.7793559731544986,
      1.75997489787184,
      0.8492848194938537,
      0.3718752408086606,
      0.6736811768424559,
      0.44007049611565907,
      1.9323548605442684,
      1.3206578269675673,
      0.18430799013953256,
      0.8899099574380313,
      1.4800796261865787,
      -0.35281646133562283,
      -0.7594004904074844,
      -0.022117115925419956,
      0.8807491028515362,
      0.8764239517946342,
      1.8858571588665403,
      3.0927813040524668
    ],
    [
      0.7544362073789947,
      0.3559214052005472,
      0.5662479287088032,
      0.743727334667223,
      1.783777357399975,
      2.079206986673136,
      0.1280037527800617,
      1.4125226529072088,
      1.0867217470158212,
      1.7572985759576611,
      0.2810896775687216,
      1.5145479833538436,
      1.3102262077579518,
      1.1276910912555165,
      1.404714438326613,
      0.8918906327668457,
      0.3825118309170512,
      1.5546042241578955,
      1.4834015675222632,
      0.6429876455281001
    ],
    [
      0.30140190160149294,
      0.6384807587833198,
      0.9420338126700334,
      -0.3045214386545727,
      1.3201537416224436,
      1.2728220253518763,
      0.7500462354907615,
      1.204111158788748,
      0.8217956934348944,
      0.6580540933735768,
      1.673340200520646,
      0.4145080450726796,
      1.1092735971078103,
      -0.468374664961725,
      1.5415900314112378,
      1.4629202808817057,
      -0.05511731503294778,
      1.2997730918461625,
      0.6134695117830471,
      0.43333993965199535
    ],
    [
      1.3197215664551134,
      -0.8294255637917396,
      0.936825198575554,
      1.4033007489927634,
      0.46859355132468644,
      -0.5308730330485676,
      1.5772811038779573,
      1.1738556071446398,
      0.8184375917505267,
      0.43328063217357277,
      1.2090418411608401,
      1.0789852418736792,
      0.27181628831334254,
      1.064903672253877,
      -0.15809990231839854,
      1.823144072871854,
      2.0030205836279316,
      2.1932578502065643,
      2.4924332439820356,
      2.8966286372532672
    ],
    [
      0.012208620511596859,
      1.8671156074606319,
      0.10319788339774,
      0.9544789614819135,
      1.9018466469344153,
      0.5280758812563437,
      1.9750468823417795,
      3.3913669106201922,
      1.6993222446955092,
      1.241522059429629,
      1.549059324304487,
      -0.3303701108619981,
      2.234120547892745,
      1.861217624951919,
      0.7271999444033056,
      0.1580940244329363,
      1.0759759385578713,
      0.4514460751864398,
      0.3859042227581774,
      -0.07484923543557198
    ],
    [
      1.4770742539468746,
      1.5332483216325825,
      1.1645480412005185,
      -0.5018388736119912,
      0.3952293620700955,
      2.7596402338432227,
      1.980578484289847,
      0.38448659694882475,
      0.7134299600428846,
      1.6803034600103899,
      0.21346730161259314,
      -0.10215055657488162,
      1.789392960627431,
      0.18508863387591126,
      -0.4798510790716958,
      0.7427522667799277,
      0.2297212629233267,
      0.383294617242645,
      1.7947569373905483,
      0.6392583247445689
    ],
    [
      0.4297313862027165,
      1.0959622490910896,
      2.048047768076414,
      0.6524084023572099,
      0.9094802453564235,
      -0.07230422625050517,
      1.0284812999547641,
      1.382589930174638,
      2.3597771114977064,
      -0.6684585570559638,
      1.653297816335514,
      1.5901113254870798,
      0.3681842626790398,
      -0.1352552730072281,
      0.13366226650448096,
      0.40662164018206903,
      -0.5054066032917199,
      0.41929859216901366,
      1.5451604015661087,
      -0.07422921603317478
    ],
    [
      0.8856827632344809,
      0.847272586890203,
      2.2705226457946437,
      0.7852629129147043,
      2.558928490280449,
      2.8591122026926743,
      0.9043045871152996,
      -0.8009520500039441,
      -0.22313280263402868,
      1.6496673749369497,
      0.05663698741642553,
      1.309412271050502,
      0.9814926692874806,
      -0.9664573169171882,
      0.1895690841498192,
      1.0324675490810864,
      0.7588129835229056,
      3.0115395323579475,
      2.455491412857749,
      1.9542756471872622
    ],
    [
      0.4378847896157529,
      0.6551502820408273,
      1.2874579521792873,
      1.3133851214227394,
      0.022970963787088988,
      -0.5583622888977706,
      0.4489111862618072,
      0.44616043856731724,
      0.49175231465038155,
      1.4279835808194101,
      2.076793798253122,
      0.7491853621427341,
      2.178638988063243,
      0.8077988833954954,
      -0.42242426417412926,
      1.2741240716680444,
      0.988810202846095,
      1.9721096590643314,
      0.8644123955804761,
      0.09746897709338334
    ],
    [
      0.982710772840028,
      3.062162681555782,
      0.7567270296943668,
      0.5253543515319936,
      1.1129653922954774,
      0.11322057081185015,
      0.0911570388089635,
      0.1109743774148507,
      2.3403333943702656,
      1.6686691116840033,
      2.2258535594565543,
      0.5845173659526451,
      0.3484796189067471,
      0.06406690742993204,
      2.172091773297769,
      1.090124979629489,
      2.2401987817652116,
      1.752977664676338,
      2.2196331055191187,
      0.5946442869112187
    ],
    [
      1.7974847336383117,
      0.3669534532664964,
      0.41895972426973976,
      0.8689772189891178,
      1.248731327594994,
      -0.524535691786856,
      1.1486575699243624,
      -0.058616981515609776,
      1.8844286104870882,
      3.441182910823728,
      -0.167766992433399,
      -0.36165794977740057,
      -0.12584864400248025,
      1.3197050597578746,
      2.833948525098093,
      -0.09650552470916762,
      0.33599971617004765,
      1.42616456987456,
      1.485504108636615,
      2.7936653345021782
    ],
    [
      -0.5442332473909239,
      0.7921951199291944,
      1.0235962551463464,
      0.7009145868648634,
      0.5776981354637736,
      -0.5257788667838872,
      0.6697580399520446,
      0.30938751543620946,
      0.8186789819001753,
      0.8363893457411995,
      1.0350793224047354,
      0.7916824256298851,
      2.513469998677433,
      1.0840448633266944,
      1.6981118769681616,
      0.22299809088123487,
      0.604580749921078,
      0.3638519171038791,
      0.4414425994405116,
      1.377599310642089
    ],
    [
      0.42793051372544316,
      0.37424232400923674,
      2.317186721824169,
      0.9064424023157271,
      -0.10826443310216975,
      0.9069333424163573,
      1.3193927272262747,
      0.18025874437147524,
      0.20284559139637162,
      0.48115565783106534,
      0.6494658254183525,
      -0.6995382936756557,
      1.4842110429312942,
      1.898947512383011,
      0.32518308050327605,
      0.4807810535575162,
      1.130853947344434,
      0.05985123378693147,
      0.042716483787742676,
      0.8694926071440547
    ],
    [
      1.788954239430201,
      -0.20127215848982039,
      1.5302466551550258,
      2.0408934420013667,
      1.6879016139725036,
      1.1681971708465613,
      2.1061961016739095,
      0.014810331518364278,
      2.076529911516663,
      0.7493036055498112,
      1.2203836372989887,
      2.909837445793188,
      0.8693494213268925,
      1.5311894323483453,
      2.0447245694129883,
      1.4847086313211855,
      0.467297729676529,
      -0.3763875927797727,
      -0.5045288598243032,
      -0.2927645713429864
    ],
    [
      1.1669300553892696,
      0.7334936741882087,
      0.8091832484328059,
      1.4158620327904918,
      3.348367824250133,
      1.1712032797796832,
      1.0691584314954679,
      0.839804990713913,
      2.07671401697534,
      0.6002788164113122,
      1.7210041842954813,
      1.2324170020248462,
      2.6345051416349867,
      1.362646230625524,
      1.9646353596256307,
      -0.23781916646131948,
      1.983076461026511,
      1.3386082159841033,
      0.544916425031629,
      1.8548354135902214
    ],
    [
      2.18001778818658,
      0.5725378517717354,
      0.8449909922159954,
      0.07780235961057741,
      0.732629902616946,
      1.726451328622183,
      1.8718614197324817,
      0.8379574743731933,
      2.35082285567754,
      -0.17464710293924515,
      0.5224136240303512,
      1.8199909702832444,
      0.31524260254911285,
      0.18325063077971887,
      -0.31306094193561895,
      1.5637946386456456,
      2.044359343479756,
      2.1282602153144095,
      1.4006884953737475,
      1.250956298987092
    ],
    [
      2.232746079129082,
      0.17045984155142088,
      1.8797046064677359,
      2.1664250183783,
      1.9170348507367274,
      -0.2807890156700054,
      1.040442522936958,
      1.1694498386022214,
      3.181650254139659,
      0.7462541519438727,
      0.17049301480431545,
      2.298498693010128,
      0.7762959328093155,
      1.1468975797157588,
      1.123108953123637,
      0.528304761030276,
      0.7619548151669565,
      -0.18036273770509953,
      2.081963850277962,
      -0.1636540278920891
    ],
    [
      0.6435692390763229,
      0.5579039630074673,
      0.1305821799394548,
      0.4894714219092335,
      0.927399488134492,
      1.9382465927537733,
      2.762704011454094,
      1.3059248472303722,
      0.8344952026266907,
      1.2597356082075108,
      0.6189154720223567,
      0.3397054567111418,
      1.667669026056973,
      1.046405130138479,
      1.9429760691222437,
      1.0806350089782393,
      1.1449961072334844,
      2.494717785118476,
      0.45864194783926204,
      -1.3072329336421282
    ],
    [
      2.889959244492422,
      0.38252495166797545,
      0.8501317507822084,
      0.2253403055499121,
      0.8003675245628069,
      0.7220354221250573,
      1.8399354015502212,
      1.6393033159929027,
      0.6346460160138877,
      0.7947834482702699,
      0.08583896464815445,
      0.5551326379199085,
      0.4381858945450632,
      1.551972297685892,
      1.27188462704616,
      1.4822030186954613,
      0.24792466889685053,
      -0.11672299362215721,
      -0.6373003419622341,
      -0.18186610561839983
    ],
    [
      0.02401189708789131,
      1.7706458195647108,
      0.32372375917745555,
      1.914111148884463,
      1.4774568218252562,
      2.6252511547041677,
      -0.05109481365790158,
      0.13087534985123417,
      2.4124311359932085,
      1.1055616333404292,
      3.1331850684818408,
      1.5493917198703138,
      1.2454122794790043,
      2.37742454903347,
      -0.7232846646234363,
      0.8298439274652455,
      -0.22432752313807025,
      0.08034832159703796,
      0.5536414069965161,
      2.6796150263018585
    ],
    [
      2.977191149041118,
      1.089176009654282,
      1.1002186124713353,
      1.61077388729753,
      1.1601929072990607,
      1.3307304686737744,
      1.3430306332147262,
      1.8560122109488888,
      1.3807932883459126,
      -0.2356016334310741,
      2.3252987248235035,
      2.206686711487548,
      1.2575147007537408,
      1.1537322406037034,
      0.690912601124026,
      -1.2954838686573584,
      0.4101101517519062,
      -0.34805998494772095,
      0.7223725732252175,
      2.375099369734934
    ],
    [
      2.145037942509638,
      2.5547575123085897,
      1.6956428479027872,
      0.22459891911362745,
      2.1183086414401533,
      1.6701182792615121,
      0.4470345344239657,
      0.5613934108157664,
      1.6826747350977944,
      0.9492902210495878,
      -0.9598529897207779,
      -0.17877989865372934,
      0.9351373167112731,
      0.6893117988850512,
      -0.7832395385266075,
      -0.33138225756783557,
      2.302507039847738,
      0.8648965235904549,
      0.8502993835647206,
      1.7604627395899037
    ],
    [
      -0.2650712809084909,
      0.11129403880172076,
      1.4054070075635041,
      2.357839763649247,
      0.6020761213930946,
      2.107237828995938,
      0.29913549244823456,
      0.6948992650748705,
      1.1162330580759148,
      0.8257407910390491,
      1.0889116679403728,
      1.4326015320976053,
      0.4839407487049765,
      0.21821212198016648,
      1.9199774387849322,
      2.5801743285694663,
      -0.9767364101050398,
      0.8052048765428794,
      1.2262799586758641,
      0.758937539715457
    ],
    [
      0.9898789284056392,
      0.5731993274193893,
      2.2321622586666203,
      1.8088999304516045,
      1.4054436083845312,
      0.07411813175503185,
      3.116841736597857,
      -0.6025588788757743,
      1.9933070552404453,
      -0.5647720542415386,
      0.7688684876249829,
      0.5617404036045938,
      1.6606066375310773,
      1.3442462468494043,
      0.5760189110696643,
      0.3714192277833932,
      1.7988358494207695,
      0.9851024060881839,
      1.0207566645679735,
      2.4650616660140674
    ],
    [
      0.42860949566088324,
      1.8824574221672836,
      1.0909937558851488,
      1.2227874927131166,
      0.6659352062126164,
      1.9386034649503798,
      1.7665622504541767,
      -0.042633321227052726,
      1.7468622042154183,
      -0.4442891706883715,
      0.08463510368806433,
      -0.25551142994608506,
      0.48391594179798153,
      0.04907509995531101,
      1.3147095741535515,
      1.7223235095315514,
      1.2675404734948437,
      1.7008548429283556,
      -0.21480478167582728,
      0.6787203812654319
    ],
    [
      0.4158594960560535,
      1.2733511916230886,
      -0.2968833751659723,
      1.596001908834031,
      1.0333107131011203,
      1.3393877002348855,
      1.080650193584458,
      0.06298288588493978,
      -1.3141148905684583,
      0.5760729904247772,
      0.9605228664806104,
      -0.2050734187003912,
      0.8259575892711448,
      0.6249888547181126,
      3.6359499048516204,
      2.430690832627434,
      0.6193481936494813,
      -0.5043312267167812,
      0.5216653538005064,
      0.2732915718061772
    ],
    [
      1.0696954658953335,
      2.929251445208125,
      1.0777219493085706,
      0.948966957299629,
      0.6640297643546365,
      0.7456766224741787,
      0.9371619609941426,
      -0.05566607776265475,
      2.1504906883731434,
      1.2374491339689886,
      1.0274208391589756,
      0.030260546461631694,
      -0.04877781711967322,
      0.4853913653682387,
      0.8453263611964874,
      2.0500788506724583,
      1.2585209829257604,
      -0.8855905749017378,
      1.624529347102355,
      -0.7001559056212303
    ],
    [
      1.2640536306823515,
      -0.4204200788637289,
      0.18530069986673062,
      2.42236563498025,
      -0.022678272469927555,
      0.613289796142811,
      2.104693123203729,
      -0.6763049597877405,
      0.5977761506786384,
      2.148329861133392,
      -0.424158062360231,
      1.3819623329092896,
      1.535980276699147,
      2.1320095292910493,
      0.5128800974743837,
      2.0318409753587425,
      0.6823520181917616,
      1.629651222626669,
      0.1627451239054552,
      0.27142211532100086
    ],
    [
      1.6215548760506155,
      1.1435038459005056,
      0.7861502944932828,
      1.1831895379219834,
      1.4900028190984447,
      1.4464225727016942,
      -0.19665081424537073,
      0.8423031289482827,
      -0.2884618302421551,
      0.718816359726312,
      0.29033873572467983,
      1.0080200936635486,
      1.3942405949374428,
      2.196553536865001,
      -0.02773172564661285,
      0.7745125933843298,
      0.5103759761147451,
      1.6498838009034587,
      1.5630816637700964,
      -0.3836953366264257
    ],
    [
      0.363026119179427,
      -0.23879859226457764,
      0.4959600017901436,
      0.1440488075736197,
      0.6463933717172353,
      0.990099998307032,
      2.887755049059512,
      0.13478412648708976,
      0.08987642637800178,
      -0.2777041072446999,
      0.7954942851269291,
      2.3090530853807496,
      2.3746721787906355,
      1.4215720285747324,
      0.9138243299285056,
      0.4020567220882403,
      0.9753329538443634,
      2.3679740984803677,
      0.0985394165593807,
      -0.07161889019881446
    ],
    [
      1.5587258634798231,
      1.4617739629778745,
      0.054845668276529314,
      1.5133581448409301,
      2.2739775101429185,
      1.579749294349555,
      -0.911311257128657,
      1.5077868087524158,
      -0.015485055965196393,
      1.5927094934232628,
      2.366556851632683,
      1.462433831126478,
      1.8240058773671028,
      2.8782052394065127,
      1.2384001711471648,
      1.2301639750960378,
      -0.26888353289354333,
      2.2910019819541754,
      0.8536332291010343,
      2.030699339807235
    ],
    [
      0.614152586778134,
      1.6739854114973425,
      0.5829289872290915,
      0.7907156633429577,
      2.4061710442153443,
      2.6361370089937726,
      0.10455428569415104,
      1.3527649440960687,
      0.8623980093952474,
      -0.07758667785533432,
      0.5022361256498878,
      0.893462028789444,
      1.7090751171550118,
      1.9737140967311613,
      1.7201644355817824,
      1.3988752423014548,
      -0.1875837686138418,
      0.27079733619896007,
      1.206447312094297,
      -0.040867622990888766
    ]
  ],
  [
    [
      0.5284031579096817,
      0.5977840966181633,
      -0.4057442073075941,
      1.7279908817316685,
      0.4280070463450909,
      0.5972416196352464,
      0.6961163687957693,
      -0.030279274445239618,
      0.992019314439925,
      -0.22094074167797423,
      0.51841733266282,
      -0.32373911213128453
    ],
    [
      0.39009442873424227,
      -0.03219883596810369,
      2.242222295992372,
      0.8410721316736123,
      0.1172285590549072,
      -0.5291888794039856,
      0.3723891606833776,
      1.9876432857570208,
      -0.03803924660943517,
      0.8051255393981063,
      -1.3688064646790463,
      -0.716583007484384
    ],
    [
      -0.09680634444965197,
      -0.24697032285815157,
      0.3599810382840357,
      0.31921232438606056,
      -0.3566939688538282,
      -0.6305221317843073,
      1.8152330915723285,
      -0.5468709175096554,
      1.9508188483323035,
      1.311223712525699,
      0.6882566062412334,
      -0.25732909764898637
    ],
    [
      0.2526004482888332,
      1.7769003276609052,
      1.998368361235893,
      0.5224272409182422,
      1.0793556291119528,
      0.6459693946450666,
      0.8462480214344036,
      0.11341611901861179,
      -1.0533851884607546,
      2.7155987663454186,
      0.7620333578514604,
      1.9890366323376785
    ],
    [
      1.6248632601560542,
      1.7351039743012855,
      1.0888813061668365,
      1.343583607880593,
      2.7784002302222652,
      2.478806123268038,
      0.2663810909290484,
      0.296326995747611,
      1.0451934185491536,
      1.5652170918353798,
      0.41895770326119686,
      0.6262086433298673
    ],
    [
      2.254902218407805,
      1.771775742501161,
      2.51690661186596,
      1.8771003355240972,
      0.929410119741408,
      1.7481834492044193,
      -0.49310695790181325,
      2.1590581463409446,
      0.578751369129721,
      1.0173557425636552,
      0.3734091550720895,
      1.0040300147534793
    ],
    [
      -0.412460451367346,
      1.703643765256011,
      0.44940576401965643,
      -0.21138691833476436,
      2.745623405562834,
      1.1670849658935356,
      0.2537396272898392,
      0.6671169541663419,
      0.5055651951028637,
      0.10892601901999543,
      1.391050323125642,
      1.8593386046254479
    ],
    [
      0.22957163151571106,
      0.20101805098319056,
      -0.227656652866085,
      0.35176830057141667,
      0.896346224886391,
      -1.765608103839928,
      -0.572179615664496,
      1.4147696991176404,
      0.6545237591821108,
      1.795676094905068,
      1.8449258629591463,
      -0.32625564822818076
    ],
    [
      1.5404782570376685,
      1.0401269086090563,
      1.0776843607871731,
      1.9854114412251396,
      1.610081458518861,
      -0.14772224105857434,
      0.029897427598976123,
      0.2669036563372579,
      -1.3181138797954144,
      0.8603639778993243,
      0.6705159933493975,
      1.240106252215674
    ],
    [
      0.5073615901634856,
      0.2716248327153423,
      -0.2085023209731759,
      2.027276754373352,
      0.48467737772863473,
      0.9301440554327604,
      1.7574516021084292,
      0.5790008655457363,
      0.7995306460426825,
      0.7044105376479475,
      0.8147033552255079,
      2.136307186298512
    ],
    [
      1.4502038709744354,
      1.7675615144181007,
      1.839147079438342,
      3.1651545645162495,
      -0.0916620326516846,
      0.1959563287259414,
      0.01933841948523153,
      -0.04668734586625513,
      0.9559090719823633,
      0.6190875547075516,
      0.673377287285266,
      2.1430011973409813
    ],
    [
      -0.012382977042595888,
      0.03198090473515777,
      1.2063972630961293,
      1.0890497171410873,
      0.546481400267047,
      0.34044424764073267,
      0.031804942669572456,
      1.479161956470192,
      2.3961822730671543,
      0.6088960015248688,
      3.1052323194058595,
      0.8637510460367646
    ],
    [
      1.5955992014570204,
      0.04245400996300111,
      1.0406811161884593,
      1.5734495901123395,
      1.0934437066615033,
      0.7286914232738814,
      1.8809090262020816,
      0.6218187246760161,
      0.2829371042221527,
      1.7366914125933404,
      -0.9738854204304408,
      -1.1593340733777437
    ],
    [
      1.1718584454349343,
      1.3970168889495804,
      1.7038273458314186,
      0.30762059075758164,
      0.7384368794421134,
      0.7919291454797788,
      0.9736806232722374,
      0.19968003654317434,
      1.0258017634003223,
      -0.30329194069729326,
      0.2543687223548288,
      0.10134451025601687
    ],
    [
      1.1022887290816201,
      1.5118720874392277,
      1.5890801091307782,
      0.8870736872053647,
      -0.15635148293378345,
      0.45269741748150943,
      0.42545762865006564,
      0.9883820899749047,
      -0.23814467211828017,
      1.5761763610854582,
      0.7390494265573724,
      1.1472872203572073
    ],
    [
      1.3721823956035373,
      0.6076765539437994,
      1.7873352553206314,
      -0.14104671484322978,
      1.2458696670333311,
      -0.7122608426879767,
      1.7162525706253675,
      1.7762850325228787,
      1.88364275400216,
      0.1419980158020389,
      -0.1115859290813151,
      -0.5244824169848026
    ],
    [
      0.002429447150264552,
      1.5617364582577404,
      -0.17086681886381902,
      1.1047224727568214,
      0.9435081187636164,
      0.3887692618636499,
      1.7593735206842873,
      1.731378156158047,
      0.3780240657441696,
      0.6046502883474182,
      2.4161797570342243,
      0.4864424733841707
    ],
    [
      0.8784085681862898,
      0.3585365606080183,
      1.269556854021189,
      -0.8961410454410654,
      0.19054037803726137,
      0.5502616458126512,
      -0.6465803676384589,
      1.6671725034979548,
      1.2201982479635194,
      0.5670526737949774,
      0.303781074024451,
      1.5017401127854721
    ],
    [
      1.0177977508675806,
      0.8932887297157166,
      0.9838362929803524,
      0.09472106407130643,
      0.13104916278242043,
      2.6619980772709164,
      0.9526766138018904,
      1.1158126585659431,
      1.284716181836973,
      0.6793900078048697,
      0.4424561224033957,
      0.512974938505598
    ],
    [
      0.8981360545704743,
      0.10535252334566603,
      1.5535554306373003,
      0.7980398486470366,
      2.331298588355415,
      -1.2751545541649851,
      0.8389928253502812,
      0.9629981233036551,
      2.958525608921059,
      0.44433410207580115,
      1.441902452867948,
      0.3898690368154593
    ],
    [
      0.9519770958505444,
      0.1315260396978688,
      1.4880153471953117,
      -0.6106179213454361,
      1.875626482580893,
      -0.22063157079843135,
      0.7959611868028391,
      1.1060974406104445,
      -0.7675933951390422,
      0.6137464721115337,
      1.5939750238459913,
      -0.8872988565807688
    ]
  ],
  [
    [
      1.905138279412098,
      1.313057029539178,
      1.9439680906803714,
      2.064170663064055
    ],
    [
      -0.07325938494796566,
      -0.4602953771340246,
      -0.1597810075520968,
      -0.1483852396912691
    ],
    [
      0.9425902584662348,
      -0.434622163551584,
      -0.7758653370336143,
      -0.30837093321452613
    ],
    [
      0.14337742008563242,
      -0.5302586474435306,
      -0.5587212335852103,
      0.09472556759209172
    ],
    [
      -1.1026919821499495,
      0.8660423947716448,
      -0.5214656914145062,
      0.030485167916859984
    ],
    [
      -0.19699368414356555,
      1.112240114521741,
      1.1911982921532067,
      1.8174666089219509
    ],
    [
      0.7341860206535118,
      0.6519943545999752,
      1.5520559450880185,
      0.3034167478384795
    ],
    [
      0.36980538730235624,
      0.7021973898490312,
      0.5563856218904328,
      0.051643592487109424
    ],
    [
      1.0979260017246182,
      0.7686555589796804,
      0.24107100816463545,
      1.060334467944716
    ],
    [
      0.008236714574450937,
      1.136600549293364,
      1.4156491481255904,
      0.26002120988359334
    ],
    [
      0.618037831849698,
      0.7021460641285558,
      0.5737905805228993,
      0.3081792754302537
    ],
    [
      -0.05143573510787969,
      -0.3990344713596077,
      0.6772108097116604,
      -0.21721071169229622
    ],
    [
      1.276919668440332,
      -0.3307876143953637,
      0.3429364659769412,
      -0.31316100865143726
    ]
  ]
]
