[
  [
    [
      2.1679245497994946,
      1.8596655404590623,
      -0.7762956256736395,
      1.21696087704089,
      1.5100971902807623,
      2.5661815286951364,
      1.9010825317941085,
      1.690872986311795,
      2.234071881352141,
      1.7856129111073469,
      0.035660965520112414,
      1.580004265824787,
      0.25091603160046194,
      3.70658572602135,
      2.746742311849713,
      2.8135301502266583,
      1.7871806024192463,
      0.37820063036602264,
      0.5703690584061991,
      2.1202408407958413
    ],
    [
      2.312745766168164,
      0.637168208478808,
      2.5674127417187074,
      2.003460361634925,
      -1.1814042076311413,
      2.1685293623128343,
      0.8339324604094858,
      2.022066988756988,
      0.1541901799694762,
      2.0786945046140635,
      -0.4082730381575719,
      3.231726214768475,
      -1.4885841229184045,
      1.4937967797020266,
      2.139100798306954,
      2.1061652140914133,
      2.676271315821195,
      3.2478500725530375,
      2.4728520856834137,
      1.1987879369428553
    ],
    [
      1.1513595422928533,
      1.1164290634615934,
      0.1490834778569738,
      2.6401524553893445,
      2.596738945171809,
      3.790155943273152,
      0.872835358368623,
      0.8155125541758594,
      2.299694550659965,
      5.96293922095592,
      0.8780680399887187,
      1.1703930543529093,
      1.1327087881823157,
      3.207561589546261,
      1.3949347113523802,
      2.9098364235522953,
      2.0582341116441447,
      3.296709274146571,
      3.394286630195833,
      0.6541914426982577
    ],
    [
      4.093016605863991,
      1.910056678277909,
      1.7821598026015941,
      0.8448381417306795,
      1.7185033944879693,
      2.008372892847487,
      5.251113464003523,
      1.6145317392006713,
      -0.41508250080267056,
      0.8617637945636042,
      1.5325407237291375,
      2.106522736553766,
      0.7567271675781855,
      2.5793904002684283,
      0.7717527968633017,
      0.12845097008972084,
      3.2379104085155888,
      1.560977044722774,
      2.2811111764937184,
      -0.03739777627063734
    ],
    [
      3.006558726217077,
      2.207061496040383,
      1.3711908023192259,
      -0.6663979765401726,
      5.011695416151318,
      1.1440197334450157,
      1.1968354767794849,
      4.238359438537847,
      1.6151144125521362,
      0.5803929819742211,
      3.334533511050137,
      2.9259357625303792,
      1.8818578138243724,
      4.911681930091723,
      1.2511297051091905,
      2.0063740373409806,
      2.9277440893069766,
      2.7670836785713857,
      0.5441085348749048,
      1.7152742980478732
    ],
    [
      1.9296542771967173,
      2.815475286085016,
      -0.10323543159947068,
      1.4407737513110723,
      0.40889267416251884,
      2.490207598144357,
      4.25216814138817,
      2.509170815686951,
      2.1521673105867998,
      1.880439004625942,
      1.1664519653995127,
      3.2851605733938958,
      4.148085057862629,
      1.034717562852107,
      1.1016760831265284,
      -0.9383937029088146,
      0.8753482995207267,
      1.4274612457429443,
      4.484182203079079,
      2.2920451910755313
    ],
    [
      1.2689242496519755,
      1.1345739206331227,
      2.4402549811336782,
      2.7493475168418615,
      0.42436046693628643,
      1.5493343675664764,
      5.698850658257685,
      1.7853120811406142,
      3.0672965281966538,
      1.598578904699077,
      1.849429387786789,
      1.0556349009676544,
      4.224624168999119,
      0.987764029539021,
      -0.2851142423665416,
      3.6020879864271587,
      -0.10931856032307169,
      1.8521063126371935,
      1.6728589113699317,
      1.5890678355261998
    ],
    [
      2.0738005999615394,
      1.297356904694892,
      0.04997414006525419,
      4.598637719747208,
      4.653181877285064,
      0.14490464833863104,
      3.1295811014142023,
      0.28164758316128374,
      -0.5662673086242858,
      2.4927115797816755,
      0.3838626232362272,
      1.7053193337549957,
      2.836767351916437,
      0.4866796301133011,
      1.782348171366475,
      3.2628391348530403,
      4.2570176794627,
      2.750555399729868,
      1.9954356905279251,
      3.262172597945391
    ],
    [
      2.6665268950919057,
      1.1843955980505312,
      1.180956575936576,
      3.1917940683539525,
      0.749123085266856,
      2.462872042711113,
      3.4018086717893876,
      2.0232638927366207,
      6.738133516346666,
      -0.6341065121628052,
      0.1651499917082363,
      3.18573251424469,
      3.1383685866825166,
      3.920385390346253,
      1.4945832732924018,
      2.565237328916173,
      -0.2295279756649506,
      3.007296977276173,
      1.586871896353455,
      1.0027730530961594
    ],
    [
      2.9227045068491484,
      2.1293835086150135,
      2.0634579982968955,
      3.8519631897676874,
      3.701208879585939,
      1.6268554879721362,
      0.6861366536951455,
      0.18404240330187832,
      0.7335955259800211,
      1.8870513729433238,
      1.5256276701752498,
      1.5751325559441298,
      2.732378152615216,
      3.9198299423556637,
      1.2986698519352995,
      2.831889647499766,
      3.055461492248331,
      -0.5163264531769717,
      2.6658383359793083,
      3.3990834740767633
    ],
    [
      5.092801856614121,
      1.4163366174935228,
      2.293251224168608,
      3.799208569508302,
      1.4002011444350608,
      2.026141245446358,
      1.914809420406381,
      2.2485646548835825,
      -0.47365286217354446,
      -0.47684148917105407,
      0.9920168314414772,
      1.9820070730130963,
      2.8199136122060455,
      0.46685733651555805,
      1.0761065399693204,
      1.313525820737038,
      3.7523323202438092,
      2.9168487788722084,
      1.2634427192242623,
      3.3984340474538026
    ],
    [
      2.864169334915467,
      3.205910872600496,
      3.2985461301496963,
      0.9623980780219124,
      1.0619814738736992,
      1.1798927555466951,
      1.190736814756341,
      2.1314223475979865,
      0.882851729329707,
      3.4700905703758225,
      1.5642995005397298,
      3.9376280324649344,
      0.9581205972161361,
      2.661924076717259,
      -0.09682834023514106,
      2.6469982486862196,
      1.1158163803132486,
      1.387102187562357,
      3.8363269573149013,
      0.6851331374316132
    ],
    [
      1.5918292913155008,
      1.907654007352567,
      2.259140536397821,
      2.154095056347718,
      1.5931271729339262,
      1.929286911733838,
      2.2826932756339513,
      2.8242192370192036,
      2.6545441481928735,
      1.7680889464056966,
      2.5965186272861076,
      0.06423845636379463,
      2.144119020895827,
      2.3653880914715764,
      1.4712230938282267,
      1.9547057318922056,
      0.13468781498973575,
      2.8200500690563315,
      3.8464225667762526,
      2.8421281793196673
    ],
    [
      2.598461636733038,
      4.207824310176364,
      0.8049065110988426,
      1.321388526461824,
      2.2181673030201816,
      3.236077166327181,
      2.140920163701848,
      0.2855827333525775,
      1.7236874929628725,
      2.669869947611164,
      1.549075216255194,
      1.6948236761238111,
      4.3545791563295,
      4.169152155669469,
      2.7197775872298697,
      1.3868410166076361,
      2.042389110344544,
      1.3832674756963494,
      2.468014297411593,
      4.07033487537194
    ],
    [
      4.3233775518787905,
      1.5273342630859779,
      2.5733406012453806,
      1.1970309299952662,
      2.852775863693716,
      1.9203547943376247,
      3.260412541379564,
      1.9358619020313952,
      0.2268135327901412,
      1.3778162323398713,
      3.3233432638308815,
      2.2319245599802082,
      3.5428794991644406,
      2.703360959476645,
      1.9570877942165232,
      3.61780525891692,
      2.9492791752101937,
      2.6829531622139777,
      2.2738028701861723,
      2.5012412957235273
    ],
    [
      3.831868683444817,
      2.2922154300069737,
      1.3085368753834246,
      1.9720231028177893,
      4.0104096480114695,
      3.8828446044081564,
      1.2234489489614164,
      4.247414267211575,
      1.8364109619765148,
      1.0902706111406504,
      2.0737196805259894,
      0.3952959881239309,
      2.4817369252465187,
      1.289856104466345,
      1.6225783666981823,
      1.4060331404816198,
      -1.0280384447874213,
      0.06662291155827382,
      1.9228586311351017,
      2.983825489818207
    ],
    [
      1.431557673400011,
      1.293056107466699,
      0.7915597200511768,
      4.573544076708534,
      2.0414984018055526,
      2.567078687673561,
      2.586801373916824,
      1.6257122472340848,
      3.8371321089323214,
      1.9983646588830806,
      2.2866788545009515,
      1.9417631676163474,
      3.1745447775441065,
      1.5097355434114141,
      2.576165257149831,
      2.4891663855923754,
      2.814440237957053,
      4.595582018507672,
      1.5522395366180208,
      2.8019613254863565
    ],
    [
      0.5204154414996109,
      2.2619397554223992,
      3.4849040719874984,
      3.19159441837004,
      1.872293588245967,
      2.9510520355045786,
      1.282568505046809,
      2.031879509187655,
      1.7430677564021133,
      0.8074747369858069,
      2.463747496949932,
      2.1006069242208403,
      2.4154941408551767,
      3.3500194893835564,
      1.9734591460396134,
      2.1318737992140844,
      3.1013008584096062,
      3.082706580661349,
      1.52517810067527,
      1.4219953036798063
    ],
    [
      2.3694382531234397,
      2.8886476111158053,
      3.4929653779174386,
      3.1876363160240713,
      2.4913794820070203,
      4.584867319238344,
      0.4163842213298692,
      2.5134843455874165,
      1.208546535476139,
      2.814266535125704,
      2.28564355757546,
      -0.29955688027194327,
      4.515051260970073,
      4.3530006788997575,
      2.1647042545415527,
      0.6670828426183982,
      0.6531198630835011,
      2.8495943087909654,
      0.34613323706816845,
      3.0215018448216635
    ],
    [
      3.663385862123863,
      1.644576624607519,
      2.7751238015435775,
      0.24065220424600542,
      1.611818142111553,
      -0.3095570003957413,
      0.591688091952823,
      2.1198300833591155,
      2.2795434478891545,
      -0.048960572580012074,
      2.2004669986810175,
      1.8610773654412303,
      -0.9024723891488557,
      -0.35036923760221017,
      3.0574329462016023,
      0.9992315218287879,
      1.8456823817293015,
      3.6120683187501577,
      4.467961899331855,
      2.1366909802372605
    ],
    [
      0.8643911784890168,
      2.0392277380748056,
      2.138590506388926,
      1.568085193910058,
      2.050326673268761,
      1.8808355048405894,
      0.7455202108595786,
      3.236232248688712,
      0.6142207833666521,
      2.5419298140797064,
      0.8900907098364986,
      0.601760910177318,
      3.2993990098778827,
      2.377031495808991,
      1.5947386832298736,
      1.726041736516497,
      3.789705149477127,
      0.24965444022010336,
      -0.026884773507277103,
      3.697095449343122
    ],
    [
      2.1160913667895325,
      2.3256742929216587,
      4.198402755388221,
      0.5513883078035244,
      3.2735231666269007,
      1.5318664067939918,
      4.8606067265367825,
      4.773042328352794,
      1.6661391305933915,
      2.0581644241935844,
      3.938806942336362,
      1.4104316914631259,
      2.2751332657806476,
      1.7721495341784568,
      3.46486969482072,
      3.45631746698373,
      3.5363548114110506,
      2.2693628403814663,
      0.9663597908002145,
      0.12037653199743092
    ],
    [
      1.3980168516128624,
      2.2913650409797013,
      0.8921271808714905,
      1.2558154706869866,
      2.7263344646998737,
      1.2717724145331126,
      3.4675537455330483,
      0.6998175238838741,
      1.9774808100770016,
      0.9925460918170049,
      0.7238904862207605,
      2.4898824837176248,
      3.211853966549235,
      1.6441350066925875,
      1.3822433862246983,
      0.42903817945575806,
      4.501916497733478,
      1.5678530150364367,
      0.9117499651077536,
      0.38630531060952333
    ],
    [
      1.3030276527321099,
      2.9322531382846853,
      0.5156440237664112,
      1.9433096573816089,
      4.921970599376139,
      0.9483137757211174,
      3.5102983625291677,
      0.11271433078809141,
      3.5271258395400626,
      -0.06301609957055254,
      3.066320436093913,
      2.70555048596633,
      1.1553858504119032,
      1.792130373397607,
      1.9948839079484868,
      2.703287894089108,
      3.2870011250697453,
      3.0577052255520605,
      2.9415519998645467,
      4.900477637084031
    ],
    [
      5.02999860914045,
      3.214497991888147,
      1.9762627309673602,
      1.1906447023905267,
      1.6254861989576894,
      4.946631132221519,
      4.29734288997537,
      3.7761738914110126,
      1.256302628757201,
      1.2316655221381245,
      1.8654671995262577,
      2.8741164076239536,
      2.567163941424011,
      0.9401561567309056,
      2.4176995315047165,
      2.534234998891399,
      2.5439022229121244,
      -0.027524541944440872,
      2.8612287345499703,
      2.625545741370808
    ],
    [
      0.6358833358348911,
      1.8338376093314308,
      1.5933266789114024,
      0.34934963271928593,
      4.89689053468817,
      1.7778499746180674,
      1.4930517963146348,
      2.109906859141566,
      2.4013545919096213,
      2.530850565724011,
      0.4717557988392346,
      2.232174461167107,
      2.3139536993580303,
      3.686209981383011,
      3.526186319020053,
      1.9708560884322712,
      0.7103848651241329,
      1.534252669709201,
      0.7445756119540388,
      1.0985468371153717
    ],
    [
      -0.37957440143617793,
      2.08733773412467,
      2.862253218719283,
      2.034478098958083,
      1.4155303944549376,
      2.7713287093290524,
      3.0479354589219323,
      1.7503375405874753,
      0.932267860845717,
      0.46557364558474956,
      4.260730146948206,
      2.5212091035185513,
      2.9057486043020466,
      1.4956733058886202,
      2.6919194456152984,
      0.5887797489160843,
      3.243898891793259,
      1.513253930331383,
      2.1341648528506743,
      0.7508248329543921
    ],
    [
      2.177471735557082,
      3.034614005121499,
      4.162317783281953,
      1.7493386924657952,
      2.174761910154426,
      2.8010227077428866,
      2.653507389287571,
      1.3345314129660275,
      -0.8749638602960965,
      3.1338560513053833,
      1.6455067737957885,
      1.063348870156462,
      2.1238213207218513,
      -0.24921142553057904,
      1.5194497956417847,
      1.7262041239725059,
      0.7415254455258224,
      4.373306241982822,
      1.1546159352885748,
      2.885489265780715
    ],
    [
      0.5601840843561083,
      3.654618625716314,
      3.6566517206654434,
      5.289419643007603,
      2.406953881813651,
      2.1241783845723337,
      2.5814765827687887,
      4.9273292584282125,
      1.0265828351406503,
      2.8732728305059223,
      1.8462452314690192,
      2.157443238939107,
      0.13592602694140657,
      2.649621285996597,
      4.353757160079286,
      0.8706869259655852,
      2.3706839784842515,
      2.5079271121412194,
      0.7871381094381176,
      3.4097383558047127
    ],
    [
      1.6993124943299323,
      2.869913750100578,
      3.0699359549101692,
      0.9799625458904528,
      0.41420159119424294,
      1.743658450428606,
      1.9172779750462865,
      2.640410454722935,
      3.776988214545775,
      2.441174078697019,
      4.132560155403859,
      3.357745542808484,
      2.4121437557075844,
      1.1729372361080974,
      -0.6259595078342886,
      2.7134730129521802,
      2.3524562573596666,
      0.7158038443317676,
      2.239054125261266,
      1.0033133960001779
    ],
    [
      1.8622005710872866,
      0.9935202645461283,
      0.8341277920658963,
      2.2706617373027074,
      4.073710270056334,
      1.930049204415961,
      1.5105677645779765,
      2.597772669934625,
      2.8941991958046827,
      1.506960980875164,
      2.839529556213852,
      4.272839448558052,
      0.24411427631977564,
      2.5718990279591987,
      2.478349376245063,
      2.927767478308501,
      3.744549442498802,
      2.0771680605088028,
      1.3028758797117408,
      1.9283444001532153
    ],
    [
      1.1168161048291054,
      3.411235757363691,
      1.1856703928930472,
      2.539069003476295,
      1.4977529641152136,
      0.4374664430348396,
      2.5761145949502122,
      3.13988173129925,
      1.1078392659858816,
      1.587429848596988,
      3.2161071281497207,
      2.600452409758984,
      4.099653235317311,
      1.250392456598998,
      1.1531123461024129,
      2.0525087689758177,
      2.4165841453573385,
      2.6441045003731545,
      2.7209444612814337,
      0.9023274866733186
    ],
    [
      0.5004372806602974,
      1.6935649609469485,
      3.7708184891045486,
      3.52096810502154,
      2.1707860400134864,
      2.5996285736521227,
      3.3841724658508547,
      2.9781368954172174,
      -0.09118400810841285,
      1.2694965597819654,
      2.170687628253351,
      0.5182356388820603,
      3.3360702763662666,
      2.565398625634962,
      4.419091411069697,
      0.9271726211465048,
      0.955859713692196,
      2.6672651817218433,
      1.1399473526874113,
      2.3286063336373273
    ]
  ],
  [
    [
      2.317396267404319,
      2.3854246832804775,
      2.4147400721299337,
      2.311062668383001,
      1.7031722582251763,
      3.4444644112577922,
      3.626595127727438,
      2.5241096392799003,
      3.016166860598336,
      2.114026351784107,
      2.3547268678054656,
      0.91080962107568
    ],
    [
      2.2162284948933775,
      2.43448361456353,
      1.3243473569930266,
      1.218086474137117,
      0.9426492649554625,
      5.2597361681304085,
      2.484173301784836,
      2.2922564282566924,
      1.7469362556280181,
      1.690565458508638,
      3.9733596121311243,
      1.954820195370171
    ],
    [
      1.5669885034903672,
      1.0601263453040404,
      2.173061127975276,
      0.9359346391766712,
      2.1597867649925364,
      2.3269903751453027,
      2.0547596125672105,
      1.8338102619570384,
      1.0914003042103013,
      0.733901368871158,
      1.374943814227719,
      2.6042635527151448
    ],
    [
      0.7987926608019996,
      0.35881011519847716,
      0.494107267080501,
      0.9796573649386339,
      3.2557074394024172,
      2.3989399176836113,
      4.0052240624036095,
      2.292575131417616,
      0.76068053349233,
      2.7396431643377266,
      1.8503854130735797,
      2.1429626455839816
    ],
    [
      1.532940745139785,
      1.833402247981321,
      2.6482243815306274,
      2.0032996374251972,
      2.931394554378236,
      3.122076552216515,
      2.2857208114254908,
      1.5057829624045693,
      3.0998621638838157,
      2.0010541347447424,
      1.0405160185187872,
      0.7081051139669484
    ],
    [
      1.8584602961499375,
      1.0218671582392052,
      0.4433967158402499,
      1.7899207221833988,
      1.1582617311649797,
      1.231021927950952,
      2.1891463875860038,
      0.951954593411434,
      0.1779210599670412,
      0.5741430383759492,
      0.14919601950972394,
      0.39812296881148185
    ],
    [
      0.8213820736379579,
      0.8392874321649109,
      2.2386505460995565,
      3.6221525468730067,
      2.4062177617092773,
      3.218512202256677,
      2.185914109032954,
      1.3555622636688553,
      0.2611170656664012,
      1.5243301690908986,
      1.863491931131542,
      2.4326800542838574
    ],
    [
      1.3293227485103642,
      3.239358108314918,
      2.1883871148471097,
      2.8414991254691087,
      2.4595341958214973,
      0.6740612178231093,
      2.19858301688117,
      2.403852844487667,
      3.0125747379630408,
      0.46700411813713627,
      0.4661283179024077,
      0.7848895794741582
    ],
    [
      0.1305759804312935,
      2.82188494820207,
      0.6702496388502784,
      1.7767200654588529,
      3.0102724034959034,
      1.291752532721825,
      1.54245768944485,
      1.606056467675585,
      3.8193678474285693,
      2.3525418296778806,
      1.4417873541028865,
      2.6686324593286095
    ],
    [
      0.5628454444699287,
      2.2355702784665503,
      4.581598413692783,
      1.3091097223204897,
      2.2795992517434085,
      2.3462244837424886,
      1.3494917525237886,
      0.8025206998211903,
      1.7322182236335126,
      1.6174899816803467,
      2.066021610892099,
      4.585282917021253
    ],
    [
      2.3709508319204815,
      1.4788390162795313,
      3.072151715067167,
      1.954150874627309,
      2.737621953925211,
      0.7140167718640583,
      0.9589606897214291,
      2.186221671911546,
      1.3043099544470795,
      0.7156859926598881,
      -1.7208755336850836,
      2.1127176016299427
    ],
    [
      2.76477483743788,
      1.9048801645692794,
      0.8530341632891816,
      1.5212203137017746,
      1.5504731180845037,
      2.2170976060583816,
      0.6296765285457827,
      3.314221652124969,
      5.414592429956599,
      -0.1006346489796816,
      1.471897822398032,
      1.3119639064053317
    ],
    [
      4.367563616634529,
      1.8137173786052168,
      3.718036450372748,
      1.2760123526167968,
      2.1935236363392856,
      1.863304912939959,
      3.238183232157006,
      3.104344066922775,
      2.5525070280447038,
      0.5333794167646615,
      2.2002964778320404,
      0.591308440166925
    ],
    [
      1.7689248205727375,
      2.1642314315448563,
      2.4500666208473456,
      2.845964426955483,
      0.4806056637934446,
      1.273177974552305,
      1.0797209966686476,
      2.372947749149291,
      2.565682041411798,
      -0.10151276623488123,
      2.235828226110907,
      3.3923841450593253
    ],
    [
      3.105796251727404,
      1.6953710764132444,
      3.3700303901529205,
      0.9012358447558575,
      0.4480526196424984,
      1.2013541151812877,
      2.5813906949876726,
      -0.09774401353043541,
      1.6165633764933602,
      0.13018654913028804,
      1.900562433539644,
      2.1517936648974536
    ],
    [
      1.7277631495089194,
      3.112810172105637,
      1.6553616918669587,
      2.558521732259858,
      3.1679310449225726,
      2.400972307736527,
      1.668539232085244,
      2.638689065369184,
      2.525003082825175,
      2.0698227045020445,
      2.4484322046243596,
      1.8677021777972742
    ],
    [
      3.7468078074826257,
      1.3894039701953247,
      0.17191838660320663,
      3.1177696886741577,
      1.308702680423689,
      2.06952799684159,
      4.184253492150236,
      1.3620272033612983,
      3.028808769403034,
      2.2557174808955764,
      0.7366336484604437,
      2.517760090078638
    ],
    [
      0.5498381420519485,
      1.64174849429375,
      1.1925759873599038,
      -0.7670449864512011,
      3.9939302049021843,
      1.0399149253345414,
      3.683211989966054,
      1.7581238770801029,
      2.9930140263509166,
      0.9645055065283323,
      1.9799233937791152,
      1.1830340176927003
    ],
    [
      1.6730463311240793,
      2.700347368023996,
      2.3732192746698435,
      2.2604103787163683,
      2.3112339039227754,
      2.869250345465291,
      0.8194051337348862,
      2.056982776660153,
      0.8801281582188496,
      3.144983766291576,
      3.0176221702843646,
      -0.06043540940008425
    ],
    [
      1.994455111062251,
      0.8052827006259838,
      3.6699216978373985,
      0.732038013306426,
      1.624518327832609,
      2.900890574699349,
      0.29638959682169497,
      0.06580587483440983,
      2.1693575205279205,
      2.820221980964799,
      0.42958484705621014,
      2.6984703068312057
    ],
    [
      3.587845702215346,
      1.0756494505031733,
      -0.6242689087707686,
      2.737412601348342,
      0.9497908184020787,
      2.902297561655527,
      0.6215563231331636,
      2.1215554386370927,
      2.8547189252873504,
      -0.923800927545795,
      0.6273848615595375,
      0.9645213718212936
    ]
  ],
  [
    [
      2.7608981305711864,
      2.1603525049133703,
      2.179672900016989,
      1.4685434001410678
    ],
    [
      0.7180079340439701,
      0.5688209932601764,
      1.4524768409237176,
      -0.12638177202339212
    ],
    [
      0.12011869877829257,
      0.5157894087398519,
      1.1365315006627252,
      1.0092075998586376
    ],
    [
      0.004403566419295228,
      -1.671562659659274,
      -0.10289456259146909,
      -0.18575872817983313
    ],
    [
      0.3524341405754808,
      -0.7727491176802168,
      0.9634713087610514,
      0.0550423947420359
    ],
    [
      0.9464017621797725,
      -0.26618440254192677,
      0.45473679913053605,
      0.278884681914203
    ],
    [
      0.6577690260829395,
      -0.5731140357082377,
      0.5777811251417353,
      0.010837174957222116
    ],
    [
      -0.46661312369174596,
      1.4428491168367181,
      -0.3121074349091433,
      -0.15927452071308162
    ],
    [
      0.7246528323839015,
      1.0474116965199922,
      0.2581971178057099,
      0.36346855487656654
    ],
    [
      0.18088615243668182,
      1.4424317719205804,
      0.17167484800966326,
      -0.028365534459049734
    ],
    [
      1.0507306275298913,
      0.9609301015538073,
      -1.5207850399304,
      0.6050634448104099
    ],
    [
      -0.43987283618047773,
      1.4639788697207223,
      -0.32535752412494656,
      1.6975791899389723
    ],
    [
      0.16601141933960684,
      -0.005634941249862739,
      0.48669599119928986,
      0.9861552551508315
    ]
  ]
]
