[
  [
    [
      0.9162157579836111,
      0.7755812109028215,
      0.018081284584342647,
      0.030408981126043177,
      1.7622524771318533,
      -0.11594167714518866,
      0.10987944353970869,
      0.8693412030340932,
      0.4637065211930881,
      2.5226970633976777,
      -0.2792552969000902,
      2.8665399979555706,
      1.6195679461653516,
      0.4106267276445425,
      1.397036883081498,
      1.7893520353239305,
      1.1418536949038134,
      0.34128964729094025,
      1.0778662954133302,
      0.6314635913914365
    ],
    [
      0.8349725940590788,
      0.8110697467697614,
      0.44278107603083877,
      -0.9511457996196666,
      0.9415921757136545,
      1.3471619502764423,
      0.4343265395201721,
      -0.40621876305725524,
      1.7867017722379166,
      0.3240820368052113,
      -0.8275335574119058,
      1.7477414701600313,
      2.071441447749711,
      0.1415593587871915,
      1.3431835529167653,
      -0.18412411351282798,
      1.860479300413573,
      1.2321864492250325,
      -0.09910682579000535,
      1.7006003936907748
    ],
    [
      1.252482403762866,
      1.180607224640184,
      0.5147725357351668,
      0.20880939643523977,
      1.6680100529710216,
      0.18774726598131086,
      1.6616292346714847,
      0.7505293348154297,
      -0.15327741778429121,
      1.6278601782800282,
      0.9927286827761724,
      1.0287900843439102,
      0.1274233947191281,
      -0.7215144991078332,
      0.3248551082214774,
      1.1332495600829873,
      -1.170339793120406,
      1.4407568566347677,
      0.29996003062171833,
      0.15078211215201082
    ],
    [
      2.109453575665796,
      2.662825325774771,
      0.32968196832810803,
      0.8603519216337794,
      0.7739119949034526,
      1.180619141996583,
      1.9812743258920882,
      -0.056162981686489075,
      2.3341995100378465,
      0.6323204506844126,
      0.34811657858085515,
      1.365212516666929,
      0.30539123782423583,
      0.3014235020620523,
      0.8110296029951506,
      1.418674318367668,
      0.3931160725638383,
      2.446116346978361,
      0.7049160738722147,
      0.38781820098613745
    ],
    [
      -0.42632862552068385,
      0.5391522716383776,
      0.7133965847881696,
      0.4047709153810827,
      2.324478364693373,
      -0.2588277000011781,
      0.9983536125969759,
      1.4768298223082952,
      -0.6173183370502872,
      0.39009052986297144,
      -0.04236640753465383,
      1.590809735551969,
      0.53997842444564,
      0.9051960212000547,
      0.5287920179689796,
      2.243516312704241,
      -0.16980347092472559,
      -0.16346705211651927,
      1.6161927980373094,
      0.787646978048672
    ],
    [
      1.5845677928144448,
      2.753942493641497,
      1.7687803226157521,
      0.2069584234451201,
      -0.32043397598897744,
      0.6932500112358067,
      1.2081855841649134,
      1.86766214386217,
      -0.5495724035072027,
      -0.035814173434325455,
      0.08419314990639587,
      -0.005235079597147002,
      0.37218856435245756,
      -0.2637051291190277,
      0.35582930718620387,
      0.45421290949247894,
      0.027202347070622003,
      2.5491094290432237,
      1.5925737655219887,
      -0.88959658031927
    ],
    [
      1.0070396424538037,
      1.5502383850545585,
      1.3974772376280398,
      1.04859973125641,
      1.0812502924592808,
      0.7043426355713419,
      0.9232686688452534,
      0.8359292792813708,
      0.9852496443385812,
      1.9676822622321197,
      -0.04525022713411371,
      2.4026398607273594,
      1.4024686867988978,
      0.07664158339120514,
      -1.266005758700576,
      0.47626535863092223,
      -0.2330732003554533,
      1.3667876024298655,
      1.5383352843425506,
      1.045993723202196
    ],
    [
      -0.9400735349656757,
      0.2207089982349485,
      0.008848043547328939,
      -0.19809650349410207,
      2.8358620489044215,
      1.4534178693910242,
      0.7061524097303207,
      1.8509316530394386,
      2.6061726837869257,
      1.9568192460778784,
      0.5322509345312243,
      1.2099652263316507,
      1.1724153987054469,
      2.0676317715228874,
      0.45463359068592923,
      1.1705426891297828,
      0.8433993315185156,
      1.5941494192073815,
      0.870498719113323,
      0.7675853549703463
    ],
    [
      1.4376061798979543,
      1.2316518638092044,
      1.1431193571440579,
      2.2623460386220127,
      1.1092737640199455,
      1.5536374019085348,
      0.942344453561778,
      0.7674725449759814,
      1.352939068646474,
      -0.07199600044092254,
      3.973924103406268,
      1.752726577911773,
      1.0951042505257942,
      1.1872690973229059,
      1.9119128904706546,
      0.9252800504266814,
      3.299862789211327,
      0.7533083354349843,
      0.5958631066219985,
      2.947160375652377
    ],
    [
      0.6007731196470047,
      1.6941447498616289,
      0.04639360158301764,
      1.577646297354233,
      1.8191467730494968,
      0.3083964458288798,
      1.182346022033078,
      -0.16739145448081127,
      1.3883558198871557,
      1.009470375755623,
      0.34809917279273617,
      1.175609988304012,
      1.739388157247551,
      -0.8474733227032507,
      1.1425904489822325,
      -0.047674133785945746,
      1.0677714237877272,
      1.801220969911822,
      1.467782982667376,
      0.6803372634929006
    ],
    [
      0.1259367869034173,
      1.01666670150317,
      -0.823254957092882,
      1.847067748455322,
      1.1296261722010674,
      1.6047318034797227,
      1.4148283067888276,
      0.14440868645588814,
      -0.7016296683246565,
      3.0392550306761357,
      2.464759963705596,
      0.11212153032043154,
      1.156589480455403,
      0.5183514141323604,
      -0.44252433632941046,
      1.4390488593065458,
      0.15000221462574573,
      0.00909209988446398,
      0.8199151109409296,
      0.5147313644832032
    ],
    [
      -0.006183476549489031,
      2.693976998784266,
      1.556609556101061,
      0.23545597215428207,
      -0.5198246021818667,
      2.1595174967988897,
      1.539134536616745,
      -0.189440668787644,
      2.155952564542901,
      0.07101813486337166,
      0.08669868462229496,
      0.5256020377268971,
      1.0758790660549091,
      1.1769198528081881,
      1.0797133230239755,
      0.9035644237113667,
      -0.4223221249782161,
      1.4873202497492848,
      0.4108400901612626,
      1.6309198391356439
    ],
    [
      -0.26884162252634214,
      -0.5292851460423996,
      -0.8166970376733625,
      0.4784252122827,
      3.0717349916396737,
      1.140721124606563,
      2.127710192282878,
      -0.2614621756261519,
      1.087801568545418,
      1.84133803217646,
      0.34593078538771854,
      2.3346034492103165,
      1.8581075954320405,
      0.4609197409430979,
      0.47252727584037724,
      0.34818350213056476,
      0.4401909264774256,
      1.2011031647581882,
      -1.2914212269071588,
      0.7070093903307915
    ],
    [
      1.5427021681860715,
      1.3463798605635704,
      0.5398631737044677,
      1.9883577792530756,
      0.5358788743805307,
      1.3427140443237273,
      0.9029085207778165,
      -0.317675844576314,
      0.6416460122354006,
      -0.34205079344888095,
      -0.38231556044695414,
      -0.0883846757718586,
      0.8891897960837941,
      -0.4861745795852228,
      0.6595362966780247,
      2.605943304516705,
      0.3020446860926453,
      1.0455282760558173,
      1.7731399335305957,
      1.4053947339719817
    ],
    [
      -0.163418636529643,
      0.35895792617248484,
      2.705853700162115,
      0.8436808013498444,
      0.6996550731753308,
      -0.29370044631544784,
      0.7097205172975964,
      2.503116349995469,
      1.6529369641308567,
      -1.3080887421068395,
      0.5538131352731537,
      -0.3146545997502481,
      0.7735033668249862,
      0.8190804551132089,
      0.9662186304135214,
      0.7654761299264115,
      2.1642957804104985,
      0.8857316598083228,
      1.9834376113821608,
      1.1218718097384233
    ],
    [
      2.47838118487551,
      1.5394784796835304,
      -0.01481345321425137,
      1.4380643333935519,
      0.8626721848793764,
      1.3347236474536812,
      1.6327919356696718,
      -0.2680899553153377,
      0.8053294765950774,
      1.963585225637038,
      2.3527138124900353,
      -1.0069096553877324,
      1.5030553109984974,
      0.6745157991521481,
      1.566499285911451,
      1.7881994461312922,
      1.7043985688372667,
      -0.9784689039266026,
      0.6271558235999095,
      -0.4441620500155464
    ],
    [
      1.276097338767339,
      1.2820738800391065,
      1.3761591378902476,
      1.127571231158988,
      1.9226192511962195,
      1.062100695179865,
      1.0599377098908627,
      0.6618937694732379,
      0.29072305106600216,
      1.6079664752100868,
      2.074554950628228,
      -0.22627661658834303,
      1.206042114151891,
      0.7101384907660768,
      0.5113627122435831,
      1.8507383827596604,
      2.5616078049599205,
      1.5451151004132835,
      -0.2079024077080151,
      1.680430417869126
    ],
    [
      2.1401400485859305,
      1.3874497538974055,
      0.3380565390967814,
      0.4897778785389693,
      -0.15851573756745105,
      0.5099449588363123,
      1.0042671928065625,
      0.5330565883778464,
      0.46787712930563785,
      1.458028339887571,
      0.04724715238089003,
      0.9535696239334641,
      2.140462956155785,
      1.6795682749653653,
      -0.09397632552102234,
      -0.8394394192606469,
      0.32122432031741044,
      1.398182543983764,
      -0.28703148400812667,
      0.744636643457142
    ],
    [
      1.365147546613588,
      1.9704966164891724,
      -0.2903115707641844,
      1.2201810541685567,
      1.5947730489942356,
      1.4142261499978792,
      0.8835902607166696,
      -0.32196277816342866,
      0.8464594855917367,
      0.7719658258164404,
      0.042285765683957255,
      0.011472621761014656,
      -0.7180633043530023,
      0.8874949416316442,
      1.206621618015617,
      1.7420000628793588,
      1.081925235320452,
      2.1379478784914405,
      0.43350633582356185,
      1.726698892808682
    ],
    [
      0.4664770348982372,
      0.3004440196951522,
      -0.5734613741153455,
      2.176803717536947,
      1.6519936989113027,
      1.0458146525085854,
      0.8712829131111456,
      0.7018848733682848,
      2.1093738709953556,
      1.1054337237311,
      1.5141962198562102,
      1.929042113558481,
      1.5547860878684927,
      0.34105046043574855,
      1.3067835724266066,
      0.3753920161640706,
      2.0823123847822558,
      1.3014509011732454,
      1.1856527640393093,
      0.5944331695672566
    ],
    [
      0.20870172518168487,
      1.2269508003432146,
      0.9433524353388594,
      0.27772611677699266,
      0.195580029506422,
      1.5009822198337168,
      3.082004445321549,
      -0.4416032167424626,
      2.3935308885388693,
      1.641546746097482,
      -1.088791030284146,
      0.8382256113404101,
      1.0831663860371026,
      1.2135569780357112,
      1.1972683290933126,
      1.2721079928842898,
      0.08576926192190454,
      -0.1735669326271352,
      0.2503276534508991,
      1.8828758242513786
    ],
    [
      1.4000957058299797,
      1.7913100248045706,
      0.5932107396396247,
      1.2868438350737854,
      1.4590638465569592,
      0.6306368595973636,
      0.6924162702095673,
      2.603057914794004,
      2.2088217249273816,
      -0.23694786279818558,
      -0.1007151492016923,
      0.6761365137024348,
      1.0546113375632513,
      0.9239452246629425,
      2.18592030623377,
      2.267654376324093,
      0.9735422917671676,
      2.058733306547533,
      1.0296797816064216,
      0.14527518882496787
    ],
    [
      2.004434173252289,
      0.3183165163634171,
      2.598546827056727,
      0.4045319756679475,
      -0.2623266335843775,
      0.4391169291074332,
      1.2367352598011467,
      1.3824820336026118,
      -0.8782496028063107,
      0.01207196788441045,
      0.25831492455091637,
      1.994568539631517,
      2.084042662362757,
      1.5840073397638785,
      1.02517791789946,
      0.9484525680021921,
      1.4842832688282535,
      0.37572635434936275,
      0.7749888707176262,
      0.43172926599449524
    ],
    [
      2.5752515077407954,
      0.1869153381736799,
      1.7736534963548296,
      1.3189236103166622,
      1.6878793726534513,
      -0.1326487754852706,
      0.24619558553584908,
      1.290197684523659,
      0.06792366375380898,
      0.2880029003236803,
      -0.18727144630119863,
      0.2729932677803294,
      -0.4623226081012891,
      1.4205436093512045,
      0.8180734343223705,
      1.4089696589399021,
      0.11098435442172713,
      2.477992404489145,
      0.09617977243294135,
      1.5176716853151875
    ],
    [
      -0.8753476257362003,
      1.1405939311285562,
      2.9540403313921297,
      1.7508354447114698,
      0.6787123227875506,
      -0.21073848811578239,
      2.3787127484249937,
      0.5117512865516268,
      1.3423975015291223,
      -0.3743064854377269,
      0.5445595577998591,
      -0.02492380827704757,
      -0.4515832702226959,
      2.188750261856529,
      2.2883677474184148,
      0.9692739387336575,
      -0.3709712934223196,
      1.8099009242205222,
      0.7698052557733721,
      0.4102819369669741
    ],
    [
      1.7615484993150679,
      1.2472889011084,
      -0.5465094361667009,
      2.4640918334513873,
      2.287609484243674,
      0.019860950443825964,
      0.8593972360529318,
      0.3535672788409786,
      1.1532893351297615,
      1.4757264698660804,
      1.0150881401371206,
      0.1489537668595583,
      0.24643631495250223,
      2.078833309412261,
      0.6263952256915969,
      0.2651838689619358,
      0.7542538558795951,
      0.5417394680709952,
      -0.039093875171948345,
      -0.8871464910915522
    ],
    [
      1.6013378633001372,
      0.19320406104936066,
      0.08461314873811382,
      0.6038029778056211,
      0.27977875518731016,
      1.8202162121924221,
      2.230346057729637,
      0.05348234560101728,
      1.7175514177237958,
      -0.4120046458704655,
      0.9897392514360146,
      0.22267864304567145,
      1.6927378638615667,
      0.37697643755048516,
      0.3188982178066023,
      -0.2615873299625594,
      1.7176105801900658,
      0.9435134742092427,
      1.0241819460370278,
      -0.41721640210069705
    ],
    [
      -0.2934242071144175,
      1.1645598328315352,
      0.9270318763054948,
      1.2261698031594122,
      0.8388712623260355,
      1.5796019327329462,
      1.631574322120204,
      -0.12790820676493875,
      0.29100625496996285,
      0.9157960377249563,
      0.15816632183071896,
      0.960423996556581,
      2.0405402135776436,
      -0.21369392185071767,
      0.4550353884555517,
      0.6453534868784427,
      1.0447861859899883,
      1.3845182830651985,
      1.351501586042949,
      -0.21580086035765694
    ],
    [
      0.8309102204466732,
      0.4498514396037388,
      0.3092311637235081,
      2.0189175545216678,
      1.111482967527262,
      0.14516604315244702,
      0.6033339213044179,
      -0.0148119829174502,
      0.11178010559023627,
      0.2953989059738098,
      1.0415542758132006,
      -0.01680464783185541,
      0.6159648206247126,
      0.002305910907935166,
      0.5090283216291654,
      1.4633600168908443,
      0.4144369248350793,
      0.11885790412922975,
      0.2383964260942779,
      1.2708747906643199
    ],
    [
      1.1056915593834498,
      1.787732463575754,
      1.3069669297913382,
      0.6164350287950542,
      0.9101461775284367,
      -0.3538917821989703,
      0.30888321235439387,
      1.1356290654753107,
      0.1926898837693569,
      -1.2854496947607021,
      1.1357716872005903,
      1.1742732494488985,
      1.387200672766121,
      0.9065680569824742,
      -0.6338575030070343,
      1.2979888304146494,
      0.19752217654114568,
      2.278006161202365,
      0.7722713596305075,
      0.7072802084289602
    ],
    [
      2.4952592937174924,
      -0.43109572384909983,
      0.6526817569628355,
      0.8875820460699967,
      -0.25643869813762044,
      2.5479483345716254,
      -0.028297449673050812,
      1.8479531635853863,
      0.8667165555268252,
      0.6949246143649349,
      0.0634122905769896,
      2.8707307344147432,
      0.38339893912734246,
      0.21757802568892065,
      0.07086265117901475,
      1.017512333112137,
      1.347851039056349,
      -0.09767881918978871,
      -1.0629487126185317,
      0.7669222278427532
    ],
    [
      2.435937831412189,
      1.2907805312388034,
      0.7078251369902676,
      1.5508796355562318,
      0.4355158982717282,
      1.2355944379250448,
      -0.4170537535811805,
      0.9386434762772431,
      -0.024203119343915572,
      0.553187719936397,
      2.1954711476141493,
      1.8887939909000653,
      1.3260282519796205,
      1.1774845983585123,
      1.8084759665216257,
      0.4362181619818646,
      1.2777925291520535,
      1.4280510383098306,
      1.013619132131194,
      2.340995483798735
    ],
    [
      1.5242001366681646,
      0.49616843438342567,
      0.7137708988834606,
      2.0693896925687048,
      1.1405032208415062,
      0.5174040330785945,
      0.64296114252899,
      0.5310702011019632,
      1.6421225500103638,
      -0.7307285746659625,
      1.4227493902553556,
      0.49337282574038205,
      1.6472312574139594,
      2.2757579978522497,
      1.962191997905268,
      2.2253519209582016,
      0.2006429092974171,
      1.6149647521553228,
      1.7744926758088186,
      0.15193509876608252
    ]
  ],
  [
    [
      0.2881353644155755,
      1.996330960906176,
      1.0595223819039779,
      1.000194719181263,
      1.3356670193841738,
      0.33258883829111496,
      1.1353614206024822,
      -0.25432603595021697,
      0.2734506850708021,
      0.5962256922548608,
      0.9514840439220509,
      1.1093964456028795
    ],
    [
      0.34948633887703845,
      -0.011750171092707484,
      0.9545877151813754,
      1.2230300673427648,
      -0.7014471434178118,
      0.5495732820848256,
      0.3689920280615051,
      1.8760684375799137,
      0.6657856662779669,
      0.749151753319868,
      1.4415162308496325,
      0.5627774655708953
    ],
    [
      -0.10763945645787754,
      0.21097175295551523,
      0.4983096363075595,
      1.072072771126633,
      0.8400652886423403,
      1.0675952072376984,
      1.4937389436378032,
      2.360366899043409,
      0.13790903039857821,
      1.327008044218784,
      -0.24537998351221796,
      -0.6556997045750088
    ],
    [
      1.8184286054494696,
      0.3588102081306121,
      2.680085523742594,
      2.1014698601011528,
      2.5966462832865274,
      1.3389780520643346,
      0.408919346112553,
      0.9061749440994535,
      1.4176454365723719,
      0.7535469675850202,
      2.1592769630474162,
      0.6374365589062613
    ],
    [
      1.8655153805412432,
      0.029881209852343445,
      0.7794287479051092,
      2.992566166938355,
      2.729259215827865,
      -0.4672379991474553,
      0.8061374111207527,
      -0.38286459869053774,
      1.446028111109328,
      1.1693059953827152,
      -0.11767143357472504,
      -0.06461596729244076
    ],
    [
      2.989138627353826,
      1.352669729718736,
      1.0263299665352075,
      -0.2651684078522573,
      -0.3254881533824916,
      2.1579349848659675,
      1.0460974768044184,
      0.6289918349828425,
      0.30253391432545734,
      0.4867213094328352,
      -1.9913018480331504,
      0.775312456892338
    ],
    [
      0.9330740282268634,
      -0.39482839509270706,
      0.38066193240160207,
      1.755733239063362,
      -1.456118576133279,
      0.9200047964111122,
      1.4042010030847962,
      2.0854256276629846,
      1.7102917764969192,
      0.3991197584595513,
      0.6740420896943443,
      1.8022682443636198
    ],
    [
      -0.0802174057591449,
      0.20391590392438633,
      -0.002073874953510496,
      0.14934840427031762,
      0.7837470637092574,
      0.8857673957073653,
      0.9515900182430852,
      1.4846400055415827,
      -0.6201180894236186,
      0.3835270076666245,
      1.1372808363303122,
      -0.33044379142830005
    ],
    [
      0.7101359145950558,
      2.187733192873066,
      1.835439999218597,
      1.5170060846489366,
      -0.12593336613902864,
      -0.8875810687470136,
      -0.3300044621815478,
      1.2065456105492698,
      1.175631717142534,
      0.2329978701331582,
      0.44534182832827174,
      0.5287518374386397
    ],
    [
      1.324038406362239,
      1.214387451610504,
      -0.20928839504088675,
      0.8521207658720839,
      0.3532176191390205,
      0.321669107740557,
      -0.24191793998427483,
      1.077442436621303,
      0.261429640170622,
      -0.16570308748701992,
      1.5040981149206245,
      1.243884100821821
    ],
    [
      0.12965930683685473,
      1.4943184078677758,
      0.5112459610514574,
      1.3016232285078235,
      -0.7336624921840943,
      0.7909287618839801,
      1.3974935714665486,
      1.190567363091842,
      1.152139140766202,
      1.259873671596112,
      0.4792728387692232,
      0.7700022163573021
    ],
    [
      1.3480121710200053,
      1.7979362520616928,
      -0.7690662436703765,
      1.5672140971557291,
      1.0728488698741605,
      1.6581527351262915,
      0.38137847224974,
      0.8095965330751258,
      1.320746245563439,
      0.3952365560133052,
      1.3984315649523542,
      -0.034452541560586136
    ],
    [
      0.9038421833014237,
      0.3686119251677988,
      0.5583536593506588,
      0.5820660431596208,
      0.8195563406337374,
      0.46430473185652643,
      1.6736142224904276,
      1.2026636586519874,
      1.0432088592709232,
      1.0242174599888056,
      0.8015595391224635,
      1.5325144261566142
    ],
    [
      -0.3956984398586114,
      2.3851215854569485,
      -0.36708843707177,
      0.4497904882727156,
      0.24065394003635318,
      1.2847809226457947,
      1.8854579108536627,
      1.2075735658999374,
      -0.674989498140641,
      -0.19900812146244484,
      0.2541983249985664,
      0.8323253603461785
    ],
    [
      -0.27475923778898537,
      1.0588576087624413,
      1.033943076159198,
      0.7155487391589441,
      0.09517869342069572,
      2.0536055528826718,
      1.724196768842474,
      1.894290679326863,
      1.156870900534082,
      1.0882881177524597,
      1.9711775746911675,
      0.9194507165834033
    ],
    [
      2.573070890179215,
      -0.16990151103409182,
      1.144245220393936,
      -0.2072679904206705,
      0.6290670357784163,
      0.8805890405342015,
      2.127926930161242,
      1.9431044259629162,
      1.2127051326238494,
      -0.45974422746607413,
      0.2856471209433513,
      0.727253136395165
    ],
    [
      2.027604194934746,
      -0.5011183249024147,
      -0.15410750216282063,
      1.259449314908096,
      0.3162022009744496,
      0.5906921029295337,
      0.6944555585144438,
      0.6053285366242724,
      0.8137062997428501,
      1.32501211959548,
      0.7760398959689467,
      0.613510749353139
    ],
    [
      0.3528008752627604,
      1.1243759483261346,
      0.1253616868142908,
      -0.06190623582408876,
      1.2642967557955789,
      0.014293911439388874,
      1.4500970303799507,
      1.5484013550488305,
      0.574764302067839,
      0.6437777565210863,
      1.7050551537476708,
      0.5397685671054664
    ],
    [
      -0.8114242149162941,
      -0.4107427567261916,
      1.3257288123806403,
      0.04425728713603025,
      1.5950213262297872,
      0.41700609368626695,
      -0.25941532601294204,
      -0.10468989004135953,
      0.665151749509798,
      -0.48894545368302655,
      -0.2980703952275131,
      2.6446861119350458
    ],
    [
      -0.48449238986578896,
      0.405128795210076,
      0.3559538293432957,
      1.0499058759077051,
      1.5759579222992888,
      -0.05930644879569527,
      0.15915989874661304,
      -0.018820307701376743,
      -0.03946425884078335,
      1.0170534459597471,
      1.2995015909132437,
      1.2600149307870707
    ],
    [
      0.20906585194086685,
      1.0211654755277126,
      -0.4012338942361851,
      -0.24132660091960229,
      0.2911638435324796,
      2.0903203657658818,
      0.32027922403907555,
      0.4607436911758586,
      1.179652317528795,
      -0.6094991583974071,
      1.6034997454453388,
      -0.24988275364910184
    ]
  ],
  [
    [
      1.9248629101092867,
      1.2866158644951589,
      0.4923259921628479,
      1.208269382303289
    ],
    [
      1.0805929923864526,
      0.6283785416576153,
      -0.6459129024057444,
      0.5288239108609039
    ],
    [
      0.4060441211181741,
      -0.22755916674353682,
      -0.10826319102177519,
      -0.9327010747801271
    ],
    [
      1.2692771782258927,
      1.0685103102374929,
      0.5395429515654409,
      0.26947930354813887
    ],
    [
      2.3656763452879566,
      -0.07556020894017774,
      0.4348925112401605,
      1.2325414029500434
    ],
    [
      0.5935274904728216,
      1.4560415805236289,
      0.2463426349639992,
      1.1345402883031452
    ],
    [
      0.7984514780720781,
      -0.230368328209008,
      1.1455070968943035,
      0.5210758821798103
    ],
    [
      -0.9561363957952235,
      -0.014084036922360987,
      1.3783309806916184,
      -0.8778385863951926
    ],
    [
      0.3403740434133914,
      0.061238005810305585,
      0.1125209274060306,
      0.9106719784065136
    ],
    [
      0.9512069501704771,
      1.0067368873824234,
      -0.2391305125347929,
      0.2480999548969971
    ],
    [
      -0.27528400787842155,
      -0.5858266647494763,
      -0.19595732144915776,
      0.947960202114969
    ],
    [
      -1.5402632781539762,
      1.3948242571835157,
      0.45948942346954585,
      1.5488124544542956
    ],
    [
      -0.5021000568332024,
      0.9170228439456023,
      1.0854100922833303,
      -0.6408013086381906
    ]
  ]
]
